126
1000 阿米国师 725871422 3584627219 720954239
1001 百晓星君 779713906 3358028002 822208599
1002 宝石商人 1238039746 3662252754 3147159316
1003 宝象国国王 1240760379 828916273 587339332
1004 陈妈妈 242575729 4280670394 2274959811
1005 程夫人 1679184112 2938169672 2750714270
1006 吹牛王 3813740252 446699857 1576680377
1007 崔判官 1966101295 1450412869 1712836103
1008 翠花 800171655 1882550853 932249098
1009 当铺老板 820615594 1692779847 3191205382
1010 赌霸天 326524275 3364417731 1788181275
1011 房都尉 1739992789 488844282 1572478692
1012 冯铁匠 3208724286 120900042 3034289392
1013 服装店老板 873292509 783558512 1281544799
1014 符石道人 3708021612 22779330 4151427688
1015 海产收购商 3801299271 1987089858 932361715
1016 简师爷 1814687522 1066523733 1377566628
1017 轿夫 1972346464 1931741111 1149246646
1018 教书先生 2000255336 2927756557 2377172812
1019 金圣宫 1508548637 733420864 4062030666
1020 空慈方丈 168543785 569041301 2786499860
1021 老孙头 112144826 3603513852 546575178
1022 乐器店老板 16355169 375057228 1179550106
1023 雷黑子 228320831 3707150672 2084261815
1024 李世民 3148147975 2995404209 3196731081
1025 刘老爹 3943196492 4248935980 4088599810
1026 柳飞絮 2139408709 2006103770 3675375637
1027 鲁成 3217495234 1740991472 1532715019
1028 孟大娘 480033292 3618065890 4165388049
1029 南极仙翁 810436942 3034219975 3191953466
1030 樵夫 3945930458 3161182696 2268521485
1031 秦琼 1378222550 1296160210 2315644400
1032 清风 505350540 4102326145 1937169207
1033 穷汉 2481728649 3213372735 2546844311
1034 太上老君 3134952256 899274179 374363249
1035 王大嫂 1960181513 740448683 2955218414
1036 赵元宝 1628533252 1322524307 1037435576
1037 香料店老板 923226888 1406664650 605916985
1038 小木匠 3376571979 1447156158 2642635526
1039 小桃红 1109225255 464629558 2795416477
1040 许大娘 2355335750 3648925936 1874815647
1041 太白金星 1043259773 3392353535 1464199223
1042 药店老板 3265788014 3772542355 3278008898
1043 驿站老板 2033100888 1928246157 1869355644
1044 月老 2783304563 2738729312 547461142
1045 张老财 4009791583 2851575530 4130858842
1046 张老头 1571362885 1561633809 1309380012
1047 招罗弟 532741292 1968548048 1147692687
1048 赵捕头 4162524865 1085390019 2328269737
1049 郑镖头 3664176840 3492453301 1292545852
1050 钟馗 911604837 4058540435 966910991
1051 周猎户 2294980292 116514429 934142410
1052 朱紫校尉 480668932 1486497940 2127461810
1053 白晶晶 3660656729 4124343854 2572657238
1054 春三十娘 322188931 774920824 1638462463
1055 二大王 611909582 1345674312 1077548350
1056 三大王 1113516519 579679247 542755760
1057 婆婆 23582744 2946902642 3412255555
1058 大宝 184145765 3500770715 3320417448
1059 哪吒 220472140 1493423128 631162279
1060 满天星 572389544 1838589193 444758474
1061 玉皇大帝 601576574 3942702687 1014870525
1062 白无常 783128730 2206037878 1740133192
1063 酒店老板 822917658 2273562498 2938341026
1064 管家 886535824 823327713 238331299
1065 灵鼠娃娃 1359318316 1938764719 2589959827
1066 火焰山土地 1388762331 2173263235 1853905913
1067 金圣宫 1508548637 1888094543 0
1068 仓库管理员 1619111188 196724041 1882464435
1069 守门天将 1892571830 905298755 42701270
1070 嫦娥 1981964585 2476847273 3968986530
1071 王母娘娘 2008540415 613039692 724353433
1072 至尊宝 2198451676 3928468785 4217541446
1073 红毛猿 2279295948 3184581750 3257974401
1074 唐僧 2279413445 4144491063 4285937979
1075 有个和尚 2343936794 3834802119 3160835837
1076 黑无常 2360155951 4065346622 2978034060
1077 罗道人 2438497070 3078659296 362597535
1078 颜如羽 2687352542 2910460883 3140407182
1079 小宝 2806606285 2492711446 4067015095
1080 杨戟 2959206499 495950523 68173341
1081 魏征 3962964156 1790932397 2380015607
1082 云小奴 4006645006 410587793 2416335108
1083 超级巫医 4118131077 974580077 3706440168
1084 马副将 843229651 1749264658 1323859689
1085 西梁女兵 1272869116 3889638673 1854722057
1086 巨子 3134040534 1667240679 1727923155
1087 西梁女国国王 1992742868 1050868301 316330263
1088 莫夫人 2257463417 592168309 922051946
1089 小笛 3733259125 1423345596 1051356872
1090 上官丞相 4141142493 1087408121 3506741965
1091 袁天罡 4190937039 1102174444 1607945953
1092 小二 1314051870 2405317089 3709933830
1093 宝象国国王坐 1240760379 2111305478 0
1094 莫爷爷 413978468 3732776583 303081519
1095 小宝贝 0 3330332352 541332472
1096 蒋大全 1977455138 1708180797 3627026970
1097 女 0 1652733355 905243030
1098 舞狮人 0 1526355749 3315816642
1099 狮子 0 1076606523 577562823
1100 媒婆 0 2427898201 3112847695
1101 轿子 0 2166070451 229099081
1102 骑马新郎 0 2187728234 1767990336
1103 吹号手 0 2004011355 1020897286
1104 女随从 0 3456998539 840522575
1105 宝象国国王2 0 828916273 0
1106 禄星 161396926 206114689 2793065416
1107 禄星2 161396926 1486602238 0
1108 福星 664498845 2660221847 2724199859
1109 福星2 664498845 3413241952 0
1110 金圣宫2 1508548637 1888094543 0
1111 小西天长和尚 304155754 2821826434 2805345775
1112 小西天和尚 3009804999 1665261782 394058352
1113 二郎神2 1473040466 3479791318 0
1114 铁匠 1697901057 1975202770 3767806914
1115 酒仙 147259000 0 0
1116 小白龙 4193268133 3428945982 702338287
1117 空度禅师 2722670730	3073716657	116026999
1118 桃树   0    1414145653  0
1119 道观    0  1671328688  0
1120 想念你的雪人    0  3665041292  0
1121 想念你的雪人    0  3193083930  0
1122 想念你的雪人    0  4133837771  0
1123 想念你的雪人    0  2127741118  0
1124 想念你的雪人    0  1749278490  0
1125 宝箱            0  4026357746  0


          对话    站        走
  
