50
0	气疗术		175234791	905392007	20	3	4088602190	0	1	单体恢复(上限3%+200)的气血
1	心疗术		1936940204	4247881671	30	3	4227373440	0	1	单体恢复(上限6%+400)的气血
2	命疗术		2327070966	1214582243	40	3	4088602190	0	1	单体恢复(上限9%+600)的气血
3	凝气诀		2234398453	4231419592	50	3	843116756	0	1	单体恢复(上限10%+150)的魔法
4	凝神诀		3010398248	3594183195	60	3	2128818470	0	1	单体恢复(上限15%+240)的魔法
5	气归术		1743955726	1501636093	30	2	3497509792	0	1	自身恢复1/4的气血
6	命归术		2585363944	1305176222	60	2	821212684	0	1	自身恢复1/2的气血
7	四海升平	2015850288	2239024625	80	2	3497509792	0	10	全体恢复1/4的气血
8	回魂咒		3815030652	2541979797	30	3	2391977602	0	1	单体复活
9	起死回生	2205777788	3279499363	50	3	2391977602	0	1	单体复活并恢复1/2的气血
10	水清诀		1988393110	2231990553	30	3	388205471	0	1	单体解除异常状态
11	冰清诀		4269368884	994373130	40	3	388205471	-10	1	单体解除异常状态并恢复1/4的气血
12	玉清诀		2317466220	1064948127	80	2	388205471	-10	10	全体解除异常状态
13	晶清诀		4162645482	2183757094	120	2	388205471	0	10	全体解除异常状态并恢复1/4的气血
14	空位		1665454458	536632374	75	7	0			0	1	空 
15	空位		1725002697	64967438	40	7	0			0	1	空
16	笑里藏刀	400075015	2544284204	20	4	1575320484	0	1	单体减少敌方70点愤怒
17	绝幻魔音	1208650365	388686304	70	4	411999074	0	10	全体减少敌方30点愤怒
18	野兽之力	1101171654	3074786323	40	3	540773493	0	1	单体攻+10%持续到战斗结束
19	魔兽之印	1821220222	4152332131	70	3	540773493	0	10	全体攻+5%持续到战斗结束
20	光辉之甲	2240060251	2814063673	40	3	956135146	0	1	单体防+10%持续到战斗结束
21	圣灵之甲	408713064	2808598443	70	3	956135146	0	10	全体防+5%持续到战斗结束
22	流云诀		2534799922	2823898790	40	3	4264029135	0	1	单体速+10%持续到战斗结束
23	啸风诀		1746071611	2520189186	70	3	4264029135	0	10	全体速+5%持续到战斗结束
24	太极护法	3390558514	1017331765	20	3	2602824590	0	1	自身受到的法术伤害-40% 6回合
25	罗汉金钟	1643152884	3422655605	100	3	2602824590	0	10	全体受到的法术伤害-40% 4回合
26	修罗咒		2692943252	352259103	20	3	2500219667	0	1	单体反弹30%的伤害4回合
27	天衣无缝	1760886315	1995890078	80	3	3246643998	0	1	单体法术躲避率+50%4回合
28	放下屠刀	3659778884	441260658	40	4	2176080287	0	1	单体攻-10%持续到战斗结束
29	牌山压制	4154480125	1389260370	70	4	2176080287	0	10	全体攻-5%,持续到战斗结束
30	破甲术		1415639395	752055472	40	4	3505309973	0	1	单体防-10%持续到战斗结束
31	碎甲术		1415639395	752055472	70	4	3505309973	0	10	全体防-5%,持续到战斗结束
32	凝滞术		2415123250	642620104	40	4	3521483726	0	1	单体速-10%持续到战斗结束
33	停陷术		2036437377	1583884046	70	4	3521483726	0	10	全体速-5%,持续到战斗结束
34	破血狂攻	4254723553	326320655	50	4	0			0	1	单体二连击伤害提升10%
35	弱点击破	4136547665	2136234800	20	4	0			0	1	单体无视50%的防攻击
36	空			1507579696	2305470189	50	7	0			0	1	 空
37	空			2973313985	2319948088	80	7	0			0	1	 空
38	星杯圣域	2007482654	1364339643	120	3	856181412	0	10	全体完全防御两次攻击
39	命疗术EX	896405505	4117945014	40	3	1326540099	0	1	单体恢复（上限12%+1000）的气血
40	破碎无双	495010062	3430139086	50	3	0			0	1	单体攻击并减少对方MP
41	空			3440079140	1174907278	70	7	0			0	1	 空
42	破血狂攻2	1996334508	3543733258	80	4	0			0	1	单体三连击伤害提升10%
43	弱点击破EX	4218578775	2748729520	50	4	0			0	1	单体无视防御攻击
44	破血狂攻EX	71725255	587921292	120	4	0			0	1	单体四连击伤害提升10%
45	空			1631281574	398716736	70	7	0			0	1	空
46	大地之墙	1983244313	2567484782	100	3	4062507146	0	10	全体完全防御一次攻击
47	心如明镜	3276986935	3412406301	100	3	2806422927	0	1	自身物理和法术防御+50%,去除一切异常
48	慈航普渡	1598973760	2233578164	120	3	3775417657	0	1	全体满血复活
49	迅疾如风	1045453184	2442113491	20	3	2504473876	0	1	自身提升速度,躲避

ID  名字   小头像 大头像 消耗 类型				 图像		位置 作用对像 描述 

