13
0  强壮      2458245611  1870892091 
每级+10点HP上限
1 强身术    3597995533 732966867 
每级加1%的气血上限
2 冥想      97139368   903007607 
每级加1%的魔法上限
3 暗器技巧  2101102727 1473796032 
每5级暗器伤害+1%
4 打造技巧  3866239213 1635206107 
造武器时的人品上升
5 裁缝技巧  1071853506 1758794729 
造衣服时的人品上升
6 炼金术    1324974820 333902768 
造项链,鞋子,腰带时,人品上升
7 中药医理  3878607199 642378453 
可以制作药物
8 烹饪技巧  2019196942 3782401606 
可以制作烹饪
9 逃离技巧  1198324882 1820394508 
每级+1%的逃跑成功率
10 追捕技巧  123566127 902425300 
每级敌人的逃跑成功率-1%
11 养生之道  968832765 1635371623 
每级+5点活力上限
12 健身术    3589295296 3157390677 
每级+5点体力上限







////////////////////以下,没有被使用
13  调息      2486209387 1498822781 
战斗结束自动加蓝
14 打坐      2910859193 2698086705 
战斗结束自动加血
15 宝石工艺  1083003095 1486446714 
降低强化装备的价格
16 奇门遁甲  4256639690 4024694802 
可以自制导标旗
17 变化之术  3625026692 3872040289 
可以使用更高级的变身卡

24 火眼金睛  3922753875 1137422236 
16 丹元济会  1629060053 2481631944 
17 妙手空空  1439504044 2221335414 
25 召唤兽图鉴 62231523   1895512590 
26 变化咒     1065066370 1512579512 
27 梦幻卡牌   550779136 3746952943 0 0
28 小试牛刀   3416022732 1492311480 
29 猜拳       3237072520 1508754134 
30 五子棋     3069892297 1509875719 
31 装备图鉴   3850925149 3682903499 
32 熔炼技巧   780831280  325034362  
33 灵石技巧   1927185631 1186586183 
13 巧匠之术  1296624794 3029386281 
20 古董评估  1789851652 219577339 
22 建筑之术  2670591414 373394834 
0 仙灵店铺  1200061075 621170149 
可以随时随地购买东西

35 破釜沉舟   1069967034 0 0 0
36 开天辟地   761811986 0 0 0
37 正身清心   125765841 0 0 0
38 延年益寿   1232826713 0 0 0
39 金刚护身   1649180308 0 0 0
40 忠贯日月   1782977238 0 0 0
41 炫火乱舞   2208322725 0 0 0
42 乾坤借速   2723622908 0 0 0
43 水来土掩   3521902563 0 0 0
44 飞火流星   3542314583 0 0 0
45 大浪淘沙   3794364165 0 0 0
46 铜墙铁壁   4042451185 0 0 0
47 偃旗息鼓   4129636994 0 0 0

