48 175 2 400 
0 5 0 0 1 2 3 4 5 6 7 8 9 10 11 12 13 14 15 16 17 18 19 
1 0 100 0 0 ŒƒÃ√
∂”≥§ 7589
7589  7589 900 180 2389
3931
 3931 0 180 1404
90
150
175
 7 9 13 25 10 48 100  0 0 5 0 0 0 1025 175 175 200 175 0
 3320 0 10 3019
 4492 0 20 3744
 1971 0 0 1971
 1292 0 0 1292
 1857 1000 0 857
 979 0 0 979
309732276 3197320000 4 0 100
0

 0 0 0 0 1  0  0  0 
180 180 180 180 
0 0 5 0 875 0 875 1 20 0 0 0 0 3 0 0 1
105 0 0 0 13 0 0 0 0 0 0 0 5 0 0 0 0 0 5 0 0 0 0 0 0 0 0 0 0 0 0 0 0 0 36 0 20 0 1 20 0 0 0 0 0 0 0 0 0 0 0 0 0 0 10 0 10 0 30 0 5 0 20 0 0 0 0 0 145 0 0 0 1 0 0 0 0 0 0 0 0 0 0 0 0 0 0 0 10 0 10 0 0 0 0 0 0 0 0 0 0 0 0 0 0 0 0 0 0 0 0 0 0 0 20 0 0 0 


1 0 0 0 0 0
4 200 200 200 200 200 200 200 
0 
1120 45088725 16777216 0 0 875 0 875 90
 30 30 30 30 250 250 250 250
 30 30 30 30 250 250 250 250
7 13 25 34 10 48 
9 145 141 142 152 143 144 148 149 150 
 1 17 16 0 14 16 9 13 12 20 4 2 340 4 28 6 640 3 160  8 29 10 0 0  99 22 45 0 0  54 29 10 0 0  1 17 16 0 8 0 18 -1 -1 -1 1 2 260  99 22 18 0 0  99 22 17 0 0  99 22 49 0 0  1 0 28 0 0  1 0 28 0 0  99 22 54 0 0  0  99 22 43 0 0  1 0 28 0 10 0 25 -1 -1 -1 2 0 655 1 570  0  0  0  0  0  0  0  1 24 29 0 1 0  1 24 11 0 1 0  1 24 16 0 1 0  0  0  1 24 25 0 1 0  1 24 18 0 1 0  0  0  0  0  0  0  0  0  0  0  0  0  0  0  1 24 21 0 1 0  0  1 24 27 0 1 0  1 24 19 0 1 0  1 24 26 0 1 0  1 24 0 0 1 0  1 24 8 0 1 0  1 24 2 0 1 0  1 24 5 0 1 0  1 24 6 0 1 0  1 24 17 0 1 0  1 24 1 0 1 0  1 24 24 0 1 0  1 24 9 0 1 0  1 24 10 0 1 0  1 24 23 0 1 0  1 24 22 0 1 0  1 24 28 0 1 0  1 15 16 0 12 16 7 13 12 20 3 2 175 3 224 0 188  1 19 22 0 10 16 13 20 12 13 2 4 363 6 240  1 0 28 0 14 16 25 86 13 12 4 0 677 1 1377 3 400 2 200  1 17 16 0 8 16 34 -1 -1 -1 1 2 484  1 20 22 0 12 16 10 13 12 20 3 2 115 6 849 5 128  1 21 16 0 10 16 48 13 20 12 2 2 115 5 467 0
3
101
161  3 3 0 ’ÊÕ”ª§∑®
’ÊÕ”ª§∑® 10344
10344  10344 0 0 10344
1662
 1692 0 0 1692
85
150
180
 1848 1624 7904 2451 1247 1225 150  4 0 1 0 0 0 900 180 180 360 180 0
 3767 0 16 3248
 3997 0 12 3569
 1270 0 0 1270
 875 0 0 875
 411 0 0 411
 441 0 0 441
2838 34798320000 2 0 100
24
36 30 42 11 5 7 24 40 1 76 82 9 26 96 104 32 15 75 17 50 44 46 97 80 
 0 1 0 1 0  1 32 16 0 12 17 -1 20 12 13 3 1 869 6 170 0 221  1 33 16 0 12 17 -1 12 20 13 3 6 170 0 51 5 187  1 34 16 0 12 17 -1 20 12 13 3 2 170 6 680 0 51 
0 0 0 0 
20 0 0 0 900 0 900 1 0 0 0 0 1 5 5 2 0
35 0 20 100 26 200 0 0 0 0 0 0 30 0 0 0 0 0 0 0 45 20 0 0 0 0 20 0 0 0 0 25 10 0 0 -20 0 0 0 0 0 0 0 0 0 0 0 0 0 0 0 0 45 100 0 100 0 0 0 0 0 0 35 0 0 0 0 0 0 0 0 0 0 0 0 0 0 0 0 0 0 0 0 0 0 0 15 0 0 0 0 0 0 0 0 0 0 0 0 0 0 0 0 0 0 0 0 0 0 0 0 0 100 0 100 0 0 0  3 3 


101
83  3 3 0 ªÏ„Á ﬁ
ªÏ„Á ﬁ 22284
22284  22284 0 0 22284
2376
 2376 0 0 2376
0
150
180
 1661 1663 7231 4443 1185 1008 144  0 0 5 0 0 0 180 180 180 1080 180 0
 1689 0 0 1689
 1435 0 0 1435
 1400 0 10 1273
 1084 0 0 1084
 480 0 20 400
 362 0 0 362
0 34798320000 2 0 100
23
17 3 30 32 97 73 71 69 67 94 9 21 34 54 50 38 52 28 26 74 78 80 83 
 0 1 0 1 0  1 32 16 0 12 17 -1 -1 -1 -1 3 1 895 6 170 4 102  1 33 16 0 12 17 -1 -1 -1 -1 3 6 170 4 34 5 187  1 34 16 0 12 17 -1 -1 -1 -1 3 2 170 6 680 4 34 
0 0 0 0 
20 0 0 0 900 0 900 0 50 200 0 0 1 2 0 2 0
35 30 20 0 0 200 0 0 0 0 0 0 0 0 0 0 0 0 0 0 20 20 0 0 0 20 0 0 0 0 0 25 0 0 0 75 0 0 0 0 0 0 0 0 0 0 0 0 0 0 0 0 0 0 30 0 35 0 50 0 30 0 0 0 0 0 0 0 0 0 0 0 0 0 0 0 0 0 0 0 0 0 0 0 0 0 0 0 0 0 0 0 0 30 0 30 0 30 0 30 0 0 0 0 0 0 0 0 0 0 0 0 0 0 0 0 0 0  3 3 


101
52  3 3 0 ŒÌ÷–œ…
ŒÌ÷–œ… 6621
11964  11964 0 0 11964
6390
 6390 0 0 6390
20
150
180
 1413 1455 10000 5000 1700 1549 170  0 0 1 4 0 0 180 180 900 360 180 0
 1646 0 0 1646
 1409 0 0 1409
 1365 0 10 1241
 1446 0 0 1446
 591 0 20 493
 557 0 0 557
0 34798320000 0 0 100
17
85 84 48 56 58 17 52 50 38 78 34 30 9 13 21 19 74 
 0 1 0 1 0  1 32 16 0 12 17 -1 -1 -1 -1 3 1 869 6 170 4 102  1 33 16 0 12 17 -1 -1 -1 -1 3 6 170 4 34 5 187  1 34 16 0 12 17 -1 -1 -1 -1 3 2 170 6 680 4 34 
0 0 0 0 
20 10 0 0 900 0 900 0 50 0 0 0 1 2 0 0 0
35 0 20 0 0 0 15 0 0 0 0 0 0 0 30 0 0 0 0 0 20 20 0 0 0 20 0 0 0 0 10 0 -10 0 0 75 0 0 0 0 0 0 0 0 0 0 0 0 0 0 0 0 0 0 0 0 0 0 0 0 0 0 0 0 0 0 0 0 123 0 0 0 0 0 0 0 0 0 0 0 0 0 0 0 0 0 0 0 0 0 0 0 0 0 0 0 0 0 0 0 0 0 0 0 0 0 0 0 0 0 0 0 0 0 0 0 0 0  3 3 


0 0 -1  0  0 0 
-1 -1 -1 -1 -1 -1 -1 -1 

1 0 100 11 0 ¿‰—ƒ∞¡—©
¿‰—ƒ∞¡—© 11901
11901  11901 900 180 3929
4379
 4379 0 180 1564
13
150
175
 2000 2000 8000 3000 2000 2000 100  0 3 1 0 1 0 175 700 175 350 350 0
 2237 0 0 2237
 1781 0 0 1781
 2860 0 0 2860
 1130 0 0 1130
 962 0 0 962
 1154 0 0 1154
0 3197320000 2 0 100
0

 0 0 0 0 1  0  0  0 
180 180 180 180 
0 0 0 0 875 0 875 0 0 0 0 0 0 2 0 0 0
0 0 0 0 5 0 0 0 0 0 0 0 0 0 0 0 0 0 0 0 0 0 0 0 0 0 0 0 0 0 0 0 0 0 36 0 0 0 20 0 0 0 0 0 0 0 0 0 0 0 0 0 0 0 0 0 0 0 0 0 0 0 0 0 0 0 0 0 0 0 0 0 0 0 0 0 0 0 0 0 0 0 0 0 0 0 0 0 0 0 0 0 0 10 0 10 0 10 0 10 0 0 0 0 0 0 0 0 0 0 0 0 0 0 0 0 0 0 


1 0 0 0 -1 0
10 200 200 200 200 200 200 200 
0 
500 0 0 0 0 875 0 875 13
 30 30 30 30 0 0 0 0
 30 30 30 30 0 0 0 0
-1 -1 -1 -1 -1 -1 
12 103 105 106 107 108 109 102 110 115 104 113 112 
 5 22 45 0 0  5 22 45 0 0  5 22 43 0 0  5 22 43 0 0  5 22 45 0 0  5 22 45 0 0  5 22 49 0 0  5 22 54 0 0  5 25 9 0 0  1 21 0 0 10 0 -1 -1 -1 -1 2 2 3 5 3  1 18 0 0 14 0 -1 -1 -1 -1 4 2 20 4 28 6 0 3 160  1 8 0 0 14 0 -1 -1 -1 -1 4 0 37 1 657 3 400 2 200  1 21 4 0 10 4 -1 -1 -1 -1 2 2 31 5 119  1 18 4 0 14 4 -1 -1 -1 -1 4 2 100 4 28 6 160 3 160  1 10 4 0 14 4 -1 -1 -1 -1 4 0 197 1 837 3 400 2 200  1 21 6 0 10 6 -1 -1 -1 -1 2 2 45 5 177  1 21 6 0 12 6 -1 -1 -1 -1 3 2 45 5 80 4 150  1 18 6 0 14 6 -1 -1 -1 -1 4 2 140 4 28 6 240 3 160  1 10 6 0 14 6 -1 -1 -1 -1 4 0 277 1 927 3 400 2 200  1 21 6 0 10 6 -1 -1 -1 -1 2 2 45 5 177  1 18 6 0 14 6 -1 -1 -1 -1 4 2 140 4 28 6 240 3 160  1 8 6 0 14 6 -1 -1 -1 -1 4 0 277 1 927 3 400 2 200  1 21 7 0 10 7 -1 -1 -1 -1 2 2 52 5 206  1 21 7 0 12 7 -1 -1 -1 -1 3 2 52 5 83 4 175  1 18 7 0 14 7 -1 -1 -1 -1 4 2 160 4 28 6 280 3 160  1 8 7 0 14 7 -1 -1 -1 -1 4 0 317 1 972 3 400 2 200  1 21 14 0 10 14 -1 -1 -1 -1 2 2 101 5 409  1 18 14 0 14 14 -1 -1 -1 -1 4 2 300 4 28 6 560 3 160  1 8 24 0 14 12 -1 -1 -1 -1 4 0 517 1 1197 3 400 2 200  1 21 16 0 10 16 -1 -1 -1 -1 2 2 115 5 467  1 18 16 0 14 16 -1 -1 -1 -1 4 2 340 4 28 6 640 3 160  1 10 28 0 14 16 -1 -1 -1 -1 4 0 677 1 1377 3 400 2 200  1 21 16 0 10 16 -1 -1 -1 -1 2 2 115 5 467  1 21 16 0 12 16 -1 -1 -1 -1 3 2 115 5 110 4 400  1 21 16 0 12 16 -1 -1 -1 -1 3 2 115 5 110 4 400  1 21 16 0 12 16 -1 -1 -1 -1 3 2 115 5 110 4 400  1 21 16 0 12 16 -1 -1 -1 -1 3 2 115 5 110 4 400  1 21 16 0 12 16 -1 -1 -1 -1 3 2 115 5 110 4 400  1 21 16 0 12 16 -1 -1 -1 -1 3 2 115 5 110 4 400  1 21 16 0 12 16 -1 -1 -1 -1 3 2 115 5 110 4 400  1 21 16 0 12 16 -1 -1 -1 -1 3 2 115 5 110 4 400  1 21 16 0 12 16 -1 -1 -1 -1 3 2 115 5 110 4 400  1 21 16 0 12 16 -1 -1 -1 -1 3 2 115 5 110 4 400  1 21 16 0 12 16 -1 -1 -1 -1 3 2 115 5 110 4 400  1 21 16 0 12 16 -1 -1 -1 -1 3 2 115 5 110 4 400  1 21 16 0 10 16 -1 -1 -1 -1 2 2 115 5 467  1 21 16 0 12 16 -1 -1 -1 -1 3 2 115 5 110 4 400  0  0  0  0  0  0  0  0  0  0  0  0  0  1 16 16 0 12 16 -1 -1 -1 -1 3 2 367 3 224 0 60  1 19 22 0 10 16 -1 -1 -1 -1 2 4 363 6 240  1 8 28 0 14 16 -1 -1 -1 -1 4 0 677 1 1377 3 400 2 200  1 18 16 0 14 16 -1 -1 -1 -1 4 2 340 4 28 6 640 3 160  1 20 22 0 12 16 -1 -1 -1 -1 3 2 115 6 849 5 128  1 21 16 0 10 16 -1 -1 -1 -1 2 2 115 5 467 2
4
101
83  3 3 0 ªÏ„Á ﬁ
ªÏ„Á ﬁ 21618
21618  21618 0 0 21618
2349
 2349 0 0 2349
0
150
180
 1655 1702 7181 4442 1190 1136 139  0 0 5 0 0 0 180 180 180 1080 180 0
 1662 0 0 1662
 1454 0 0 1454
 1279 0 0 1279
 1076 0 0 1076
 401 0 0 401
 408 0 0 408
0 34798320000 2 0 100
9
17 3 30 32 97 73 71 69 67 
 0 1 0 1 0  1 32 16 0 12 17 -1 -1 -1 -1 3 1 914 6 170 4 102  1 33 16 0 12 17 -1 -1 -1 -1 3 6 170 4 34 5 187  1 34 16 0 12 17 -1 -1 -1 -1 3 2 170 6 680 4 34 
0 0 0 0 
20 0 0 0 900 0 900 0 0 0 0 0 1 2 0 2 0
0 0 20 0 0 0 0 0 0 0 0 0 0 0 0 0 0 0 0 0 0 0 0 0 0 0 0 0 0 0 0 0 0 0 0 0 0 0 0 0 0 0 0 0 0 0 0 0 0 0 0 0 0 0 30 0 0 0 50 0 0 0 0 0 0 0 0 0 0 0 0 0 0 0 0 0 0 0 0 0 0 0 0 0 0 0 0 0 0 0 0 0 0 30 0 30 0 30 0 30 0 0 0 0 0 0 0 0 0 0 0 0 0 0 0 0 0 0  3 3 


101
83  3 3 0 ªÏ„Á ﬁ
ªÏ„Á ﬁ 20692
20692  20692 0 0 20692
2239
 2239 0 0 2239
25
150
180
 1673 1837 7129 4243 1329 1155 132  0 0 5 0 0 0 180 180 180 1080 180 0
 1618 0 0 1618
 1407 0 0 1407
 1323 0 0 1323
 1055 0 0 1055
 426 0 0 426
 415 0 0 415
0 34798320000 2 0 100
9
17 3 30 32 97 73 71 69 67 
 0 1 0 1 0  1 32 16 0 12 17 -1 -1 -1 -1 3 1 867 6 170 4 102  1 33 16 0 12 17 -1 -1 -1 -1 3 6 170 4 34 5 187  1 34 16 0 12 17 -1 -1 -1 -1 3 2 170 6 680 4 34 
0 0 0 0 
20 0 0 0 900 0 900 1 0 0 0 0 1 2 0 2 0
0 0 20 0 0 0 0 0 0 0 0 0 0 0 0 0 0 0 0 0 0 0 0 0 0 0 0 0 0 0 0 0 0 0 0 0 0 0 0 0 0 0 0 0 0 0 0 0 0 0 0 0 0 0 30 0 0 0 50 0 0 0 0 0 0 0 0 0 0 0 0 0 0 0 0 0 0 0 0 0 0 0 0 0 0 0 0 0 0 0 0 0 0 30 0 30 0 30 0 30 0 0 0 0 0 0 0 0 0 0 0 0 0 0 0 0 0 0  3 3 


101
110  3 3 0 –°œ…¡È
–°œ…¡È 8330
8330  8330 0 0 8330
1561
 1561 0 0 1561
21
150
180
 1549 1572 7833 2779 1519 1212 104  4 0 1 0 0 0 900 180 180 360 180 0
 2455 0 0 2455
 3567 0 0 3567
 1135 0 0 1135
 846 0 0 846
 552 0 20 460
 436 0 0 436
0 34798320000 2 0 100
11
1 5 7 11 15 24 30 34 50 76 80 
 0 1 0 1 0  1 32 16 0 12 17 -1 -1 -1 -1 3 1 867 6 170 0 221  1 33 16 0 12 17 -1 -1 -1 -1 3 6 170 0 51 5 187  1 34 16 0 12 17 -1 -1 -1 -1 3 2 170 6 680 0 51 
0 0 0 0 
0 0 0 0 900 0 900 1 0 0 0 0 1 2 5 0 0
35 0 20 0 20 0 0 0 0 0 0 0 30 0 0 0 0 0 0 0 25 0 0 0 0 0 0 0 0 0 0 25 10 0 0 0 0 0 0 0 0 0 0 0 0 0 0 0 0 0 0 0 45 0 0 0 0 0 0 0 0 0 35 0 0 0 0 0 0 0 0 0 0 0 0 0 0 0 0 0 0 0 0 0 0 0 0 0 0 0 0 0 0 0 0 0 0 0 0 0 0 0 0 0 0 0 0 0 0 0 0 0 100 0 0 0 0 0  3 3 


101
113  3 3 0 –°ƒßÕ∑
–°ƒßÕ∑ 8346
8346  8346 0 0 8346
3760
 3760 0 0 3760
150
150
180
 1538 1565 8114 2797 1515 1245 102  0 0 1 4 0 0 180 180 900 360 180 0
 1373 0 0 1373
 1432 0 0 1432
 1127 0 0 1127
 1231 0 0 1231
 459 0 0 459
 448 0 0 448
0 34798320000 3 0 100
12
19 48 56 58 60 103 105 15 28 30 50 91 
 0 1 0 1 0  1 32 16 0 12 17 -1 -1 -1 -1 3 1 892 6 170 4 102  1 33 16 0 12 17 -1 -1 -1 -1 3 6 170 4 34 5 187  1 34 16 0 12 17 -1 -1 -1 -1 3 2 170 6 680 4 34 
0 0 0 0 
0 10 0 0 900 0 900 0 0 200 0 35 1 2 0 0 0
35 0 20 0 0 0 15 0 0 0 0 0 0 0 30 0 0 0 0 0 25 0 0 0 0 0 0 0 0 0 20 0 0 0 0 0 0 0 0 0 0 0 0 0 0 0 0 0 0 0 0 0 0 0 0 0 0 0 0 0 0 0 0 0 0 0 0 0 0 0 0 0 0 0 0 0 0 0 0 0 0 0 0 0 0 0 0 0 0 0 0 0 0 0 0 0 0 0 0 0 0 0 0 0 0 0 0 0 0 0 0 0 100 0 0 0 0 0  3 3 


0 0 -1  0  0 0 
-1 -1 -1 -1 -1 -1 -1 -1 

1 0 100 3 0 …µÊ§
…µÊ§ 10109
10109  10109 900 180 3289
4379
 4379 0 180 1564
74
150
175
 2000 2000 8000 3000 2000 2000 100  0 2 1 0 2 0 175 525 175 350 525 0
 2237 0 0 2237
 1781 0 0 1781
 2772 0 0 2772
 1095 0 0 1095
 1173 0 10 1067
 1329 0 0 1329
0 3197320000 4 0 100
0

 0 0 0 0 1  0  0  0 
180 180 180 180 
0 0 0 0 875 0 875 0 0 0 0 0 0 2 0 0 0
0 0 0 0 5 0 0 0 0 0 0 0 0 0 0 0 0 0 0 0 0 0 0 0 0 0 0 0 0 0 0 0 0 0 36 0 0 0 0 0 0 0 0 0 0 0 0 0 0 0 0 0 0 0 0 0 0 0 0 0 0 0 0 0 0 0 0 0 0 0 0 0 0 0 0 0 0 0 0 0 0 0 0 0 0 0 0 0 0 0 0 0 0 0 0 0 0 0 0 0 0 0 0 0 0 0 0 0 0 0 0 0 0 0 0 0 0 0 


1 0 0 0 -1 0
2 200 200 200 200 200 200 200 
0 
500 0 0 0 0 875 0 875 74
 30 30 30 30 0 0 0 0
 30 30 30 30 0 0 0 0
-1 -1 -1 -1 -1 -1 
6 50 61 54 58 49 59 
 5 22 45 0 0  5 22 45 0 0  5 22 43 0 0  5 22 43 0 0  5 22 45 0 0  5 22 45 0 0  5 22 49 0 0  5 22 54 0 0  5 25 9 0 0  1 21 0 0 10 0 -1 -1 -1 -1 2 2 3 5 3  1 18 0 0 12 0 -1 -1 -1 -1 3 2 20 4 28 3 160  1 9 0 0 14 0 -1 -1 -1 -1 4 0 37 1 657 3 400 2 200  1 21 4 0 10 4 -1 -1 -1 -1 2 2 31 5 119  1 18 4 0 12 4 -1 -1 -1 -1 3 2 148 4 28 3 160  1 11 4 0 14 4 -1 -1 -1 -1 4 0 197 1 837 3 400 2 200  1 21 6 0 10 6 -1 -1 -1 -1 2 2 45 5 177  1 21 6 0 12 6 -1 -1 -1 -1 3 2 45 5 80 0 150  1 18 6 0 12 6 -1 -1 -1 -1 3 2 212 4 28 3 160  1 9 6 0 14 6 -1 -1 -1 -1 4 0 277 1 927 3 400 2 200  1 21 6 0 10 6 -1 -1 -1 -1 2 2 45 5 177  1 18 6 0 12 6 -1 -1 -1 -1 3 2 212 4 28 3 160  1 11 6 0 14 6 -1 -1 -1 -1 4 0 277 1 927 3 400 2 200  1 21 7 0 10 7 -1 -1 -1 -1 2 2 52 5 206  1 21 7 0 12 7 -1 -1 -1 -1 3 2 52 5 83 0 175  1 18 7 0 12 7 -1 -1 -1 -1 3 2 244 4 28 3 160  1 11 7 0 14 7 -1 -1 -1 -1 4 0 317 1 972 3 400 2 200  1 21 14 0 10 14 -1 -1 -1 -1 2 2 101 5 409  1 18 14 0 12 14 -1 -1 -1 -1 3 2 468 4 28 3 160  1 11 21 0 14 12 -1 -1 -1 -1 4 0 517 1 1197 3 400 2 200  1 21 16 0 10 16 -1 -1 -1 -1 2 2 115 5 467  1 18 16 0 12 16 -1 -1 -1 -1 3 2 532 4 28 3 160  1 9 28 0 14 16 -1 -1 -1 -1 4 0 677 1 1377 3 400 2 200  1 21 16 0 10 16 -1 -1 -1 -1 2 2 115 5 467  1 21 16 0 12 16 -1 -1 -1 -1 3 2 115 5 110 0 400  1 21 16 0 12 16 -1 -1 -1 -1 3 2 115 5 110 0 400  1 21 16 0 12 16 -1 -1 -1 -1 3 2 115 5 110 0 400  1 21 16 0 12 16 -1 -1 -1 -1 3 2 115 5 110 0 400  1 21 16 0 12 16 -1 -1 -1 -1 3 2 115 5 110 0 400  1 21 16 0 12 16 -1 -1 -1 -1 3 2 115 5 110 0 400  1 21 16 0 12 16 -1 -1 -1 -1 3 2 115 5 110 0 400  1 21 16 0 12 16 -1 -1 -1 -1 3 2 115 5 110 0 400  1 21 16 0 12 16 -1 -1 -1 -1 3 2 115 5 110 0 400  1 21 16 0 12 16 -1 -1 -1 -1 3 2 115 5 110 0 400  1 21 16 0 12 16 -1 -1 -1 -1 3 2 115 5 110 0 400  1 21 16 0 12 16 -1 -1 -1 -1 3 2 115 5 110 0 400  1 21 16 0 10 16 -1 -1 -1 -1 2 2 115 5 467  1 21 16 0 12 16 -1 -1 -1 -1 3 2 115 5 110 0 400  0  0  0  0  0  0  0  0  0  0  0  0  0  1 16 16 0 12 16 -1 -1 -1 -1 3 2 367 3 224 0 60  1 19 22 0 10 16 -1 -1 -1 -1 2 4 363 6 240  1 9 28 0 14 16 -1 -1 -1 -1 4 0 677 1 1377 3 400 2 200  1 18 16 0 12 16 -1 -1 -1 -1 3 2 532 4 28 3 160  1 20 22 0 12 16 -1 -1 -1 -1 3 2 115 6 849 5 128  1 21 16 0 10 16 -1 -1 -1 -1 2 2 115 5 467 3
4
101
83  3 3 0 ªÏ„Á ﬁ
ªÏ„Á ﬁ 20342
20342  20342 0 0 20342
2293
 2293 0 0 2293
0
150
180
 1735 1833 6876 4420 1222 1105 130  0 0 5 0 0 0 180 180 180 1080 180 0
 1648 0 0 1648
 1410 0 0 1410
 1317 0 0 1317
 1062 0 0 1062
 406 0 0 406
 397 0 0 397
0 34798320000 2 0 100
9
17 3 30 32 97 73 71 69 67 
 0 1 0 1 0  1 32 16 0 12 17 -1 -1 -1 -1 3 1 870 6 170 4 102  1 33 16 0 12 17 -1 -1 -1 -1 3 6 170 4 34 5 187  1 34 16 0 12 17 -1 -1 -1 -1 3 2 170 6 680 4 34 
0 0 0 0 
20 0 0 0 900 0 900 0 0 0 0 0 1 2 0 2 0
0 0 20 0 0 0 0 0 0 0 0 0 0 0 0 0 0 0 0 0 0 0 0 0 0 0 0 0 0 0 0 0 0 0 0 0 0 0 0 0 0 0 0 0 0 0 0 0 0 0 0 0 0 0 30 0 0 0 50 0 0 0 0 0 0 0 0 0 0 0 0 0 0 0 0 0 0 0 0 0 0 0 0 0 0 0 0 0 0 0 0 0 0 30 0 30 0 30 0 30 0 0 0 0 0 0 0 0 0 0 0 0 0 0 0 0 0 0  3 3 


101
83  3 3 0 ªÏ„Á ﬁ
ªÏ„Á ﬁ 21514
21514  21514 0 0 21514
2335
 2335 0 0 2335
3
150
180
 1648 1788 6529 4388 1207 1168 140  0 0 5 0 0 0 180 180 180 1080 180 0
 1656 0 0 1656
 1432 0 0 1432
 1321 0 0 1321
 1075 0 0 1075
 404 0 0 404
 420 0 0 420
0 34798320000 2 0 100
9
17 3 30 32 97 73 71 69 67 
 0 1 0 1 0  1 32 16 0 12 17 -1 -1 -1 -1 3 1 892 6 170 4 102  1 33 16 0 12 17 -1 -1 -1 -1 3 6 170 4 34 5 187  1 34 16 0 12 17 -1 -1 -1 -1 3 2 170 6 680 4 34 
0 0 0 0 
20 0 0 0 900 0 900 1 0 0 0 0 1 2 0 2 0
0 0 20 0 0 0 0 0 0 0 0 0 0 0 0 0 0 0 0 0 0 0 0 0 0 0 0 0 0 0 0 0 0 0 0 0 0 0 0 0 0 0 0 0 0 0 0 0 0 0 0 0 0 0 30 0 0 0 50 0 0 0 0 0 0 0 0 0 0 0 0 0 0 0 0 0 0 0 0 0 0 0 0 0 0 0 0 0 0 0 0 0 0 30 0 30 0 30 0 30 0 0 0 0 0 0 0 0 0 0 0 0 0 0 0 0 0 0  3 3 


101
113  3 3 0 –°ƒßÕ∑
–°ƒßÕ∑ 8306
8306  8306 0 0 8306
3773
 3773 0 0 3773
17
150
180
 1511 1567 7887 2756 1464 1277 103  0 0 1 4 0 0 180 180 900 360 180 0
 1367 0 0 1367
 1444 0 0 1444
 1131 0 0 1131
 1230 0 0 1230
 450 0 0 450
 459 0 0 459
0 34798320000 3 0 100
12
19 48 56 58 60 103 105 15 28 30 50 91 
 0 1 0 1 0  1 32 16 0 12 17 -1 -1 -1 -1 3 1 904 6 170 4 102  1 33 16 0 12 17 -1 -1 -1 -1 3 6 170 4 34 5 187  1 34 16 0 12 17 -1 -1 -1 -1 3 2 170 6 680 4 34 
0 0 0 0 
0 10 0 0 900 0 900 0 0 200 0 35 1 2 0 0 0
35 0 20 0 0 0 15 0 0 0 0 0 0 0 30 0 0 0 0 0 25 0 0 0 0 0 0 0 0 0 20 0 0 0 0 0 0 0 0 0 0 0 0 0 0 0 0 0 0 0 0 0 0 0 0 0 0 0 0 0 0 0 0 0 0 0 0 0 0 0 0 0 0 0 0 0 0 0 0 0 0 0 0 0 0 0 0 0 0 0 0 0 0 0 0 0 0 0 0 0 0 0 0 0 0 0 0 0 0 0 0 0 100 0 0 0 0 0  3 3 


101
110  3 3 0 –°œ…¡È
–°œ…¡È 8346
8346  8346 0 0 8346
3884
 3884 0 0 3884
75
150
180
 1557 1513 7752 2915 1458 1295 105  0 0 1 4 0 0 180 180 900 360 180 0
 1392 0 0 1392
 1405 0 0 1405
 1111 0 0 1111
 1240 0 0 1240
 449 0 0 449
 466 0 0 466
0 34798320000 2 0 100
12
19 48 56 58 60 103 105 15 28 30 50 85 
 0 1 0 1 0  1 32 16 0 12 17 -1 -1 -1 -1 3 1 865 6 170 4 102  1 33 16 0 12 17 -1 -1 -1 -1 3 6 170 4 34 5 187  1 34 16 0 12 17 -1 -1 -1 -1 3 2 170 6 680 4 34 
0 0 0 0 
0 10 0 0 900 0 900 0 0 200 0 35 1 2 0 0 0
35 0 20 0 0 0 15 0 0 0 0 0 0 0 30 0 0 0 0 0 25 0 0 0 0 0 0 0 0 0 20 0 0 0 0 0 0 0 0 0 0 0 0 0 0 0 0 0 0 0 0 0 0 0 0 0 0 0 0 0 0 0 0 0 0 0 0 0 0 0 0 0 0 0 0 0 0 0 0 0 0 0 0 0 0 0 0 0 0 0 0 0 0 0 0 0 0 0 0 0 0 0 0 0 0 0 0 0 0 0 0 0 100 0 0 0 0 0  3 3 


0 0 -1  0  0 0 
-1 -1 -1 -1 -1 -1 -1 -1 

1 0 100 1 0 «Â∑Á
«Â∑Á 10109
10109  10109 900 180 3289
4379
 4379 0 180 1564
30
150
175
 2000 2000 8000 3000 2000 2000 100  0 3 1 0 1 0 175 700 175 350 350 0
 2237 0 0 2237
 1781 0 0 1781
 3052 0 0 3052
 1130 0 0 1130
 962 0 0 962
 1154 0 0 1154
0 3197320000 4 0 100
0

 0 0 0 0 1  0  0  0 
180 180 180 180 
0 0 0 0 875 0 875 0 0 0 0 0 0 2 0 0 0
0 0 0 0 5 0 0 0 20 0 0 0 0 0 0 0 0 0 0 0 0 0 0 0 0 0 0 0 0 0 0 0 0 0 36 0 0 0 0 0 0 0 0 0 0 0 0 0 0 0 0 0 0 0 0 0 0 0 0 0 0 0 0 0 0 0 0 0 0 0 0 0 0 0 0 0 0 0 0 0 0 0 0 0 0 0 0 0 0 0 0 0 0 0 0 0 0 0 0 0 0 0 0 0 0 0 0 0 0 0 0 0 0 0 0 0 0 0 


1 0 0 0 -1 0
1 200 200 200 200 200 200 200 
0 
500 0 0 0 0 875 0 875 30
 30 30 30 30 0 0 0 0
 30 30 30 30 0 0 0 0
-1 -1 -1 -1 -1 -1 
12 31 33 37 38 42 43 44 34 35 36 46 45 
 5 22 45 0 0  5 22 45 0 0  5 22 43 0 0  5 22 43 0 0  5 22 45 0 0  5 22 45 0 0  5 22 49 0 0  5 22 54 0 0  5 25 9 0 0  1 21 0 0 10 0 -1 -1 -1 -1 2 2 3 5 3  1 17 0 0 12 0 -1 -1 -1 -1 3 2 20 4 28 3 160  1 0 0 0 14 0 -1 -1 -1 -1 4 0 37 1 657 3 400 2 200  1 21 4 0 10 4 -1 -1 -1 -1 2 2 31 5 119  1 17 4 0 12 4 -1 -1 -1 -1 3 2 148 4 28 3 160  1 5 4 0 14 4 -1 -1 -1 -1 4 0 197 1 837 3 400 2 200  1 21 6 0 10 6 -1 -1 -1 -1 2 2 45 5 177  1 21 6 0 12 6 -1 -1 -1 -1 3 2 45 5 80 4 150  1 17 6 0 12 6 -1 -1 -1 -1 3 2 212 4 28 3 160  1 5 6 0 14 6 -1 -1 -1 -1 4 0 277 1 927 3 400 2 200  1 21 6 0 10 6 -1 -1 -1 -1 2 2 45 5 177  1 17 6 0 12 6 -1 -1 -1 -1 3 2 212 4 28 3 160  1 0 6 0 14 6 -1 -1 -1 -1 4 0 277 1 927 3 400 2 200  1 21 7 0 10 7 -1 -1 -1 -1 2 2 52 5 206  1 21 7 0 12 7 -1 -1 -1 -1 3 2 52 5 83 4 175  1 17 7 0 12 7 -1 -1 -1 -1 3 2 244 4 28 3 160  1 0 7 0 14 7 -1 -1 -1 -1 4 0 317 1 972 3 400 2 200  1 21 14 0 10 14 -1 -1 -1 -1 2 2 101 5 409  1 17 14 0 12 14 -1 -1 -1 -1 3 2 468 4 28 3 160  1 5 21 0 14 12 -1 -1 -1 -1 4 0 517 1 1197 3 400 2 200  1 21 16 0 10 16 -1 -1 -1 -1 2 2 115 5 467  1 17 16 0 12 16 -1 -1 -1 -1 3 2 532 4 28 3 160  1 5 28 0 14 16 -1 -1 -1 -1 4 0 677 1 1377 3 400 2 200  1 21 16 0 10 16 -1 -1 -1 -1 2 2 115 5 467  1 21 16 0 12 16 -1 -1 -1 -1 3 2 115 5 110 4 400  1 21 16 0 12 16 -1 -1 -1 -1 3 2 115 5 110 4 400  1 21 16 0 12 16 -1 -1 -1 -1 3 2 115 5 110 4 400  1 21 16 0 12 16 -1 -1 -1 -1 3 2 115 5 110 4 400  1 21 16 0 12 16 -1 -1 -1 -1 3 2 115 5 110 4 400  1 21 16 0 12 16 -1 -1 -1 -1 3 2 115 5 110 4 400  1 21 16 0 12 16 -1 -1 -1 -1 3 2 115 5 110 4 400  1 21 16 0 12 16 -1 -1 -1 -1 3 2 115 5 110 4 400  1 21 16 0 12 16 -1 -1 -1 -1 3 2 115 5 110 4 400  1 21 16 0 12 16 -1 -1 -1 -1 3 2 115 5 110 4 400  1 21 16 0 12 16 -1 -1 -1 -1 3 2 115 5 110 4 400  1 21 16 0 12 16 -1 -1 -1 -1 3 2 115 5 110 4 400  1 21 16 0 10 16 -1 -1 -1 -1 2 2 115 5 467  1 21 16 0 12 16 -1 -1 -1 -1 3 2 115 5 110 4 400  0  0  0  0  0  0  0  0  0  0  0  0  0  1 15 16 0 12 16 -1 -1 -1 -1 3 2 367 3 224 0 60  1 19 22 0 10 16 -1 -1 -1 -1 2 4 363 6 240  1 0 28 0 14 16 -1 -1 -1 -1 4 0 677 1 1377 3 400 2 200  1 17 16 0 12 16 -1 -1 -1 -1 3 2 532 4 28 3 160  1 20 22 0 12 16 -1 -1 -1 -1 3 2 115 6 849 5 128  1 21 16 0 10 16 -1 -1 -1 -1 2 2 115 5 467 0
4
101
113  3 3 0 –°ƒßÕ∑
–°ƒßÕ∑ 8180
8180  8180 0 0 8180
1606
 1606 0 0 1606
150
150
180
 1590 1569 7775 2948 1539 1222 101  4 0 1 0 0 0 900 180 180 360 180 0
 2453 0 0 2453
 3608 0 0 3608
 1127 0 0 1127
 851 0 0 851
 556 0 20 464
 439 0 0 439
0 34798320000 3 0 100
11
1 5 7 11 15 24 30 34 50 76 80 
 0 1 0 1 0  1 32 16 0 12 17 -1 -1 -1 -1 3 1 908 6 170 0 221  1 33 16 0 12 17 -1 -1 -1 -1 3 6 170 0 51 5 187  1 34 16 0 12 17 -1 -1 -1 -1 3 2 170 6 680 0 51 
0 0 0 0 
0 0 0 0 900 0 900 1 0 0 0 0 1 2 5 0 0
35 0 20 0 20 0 0 0 0 0 0 0 30 0 0 0 0 0 0 0 25 0 0 0 0 0 0 0 0 0 0 25 10 0 0 0 0 0 0 0 0 0 0 0 0 0 0 0 0 0 0 0 45 0 0 0 0 0 0 0 0 0 35 0 0 0 0 0 0 0 0 0 0 0 0 0 0 0 0 0 0 0 0 0 0 0 0 0 0 0 0 0 0 0 0 0 0 0 0 0 0 0 0 0 0 0 0 0 0 0 0 0 100 0 0 0 0 0  3 3 


101
110  3 3 0 –°œ…¡È
–°œ…¡È 8372
8372  8372 0 0 8372
3846
 3846 0 0 3846
0
150
180
 1592 1566 7824 2809 1502 1201 105  0 0 1 4 0 0 180 180 900 360 180 0
 1427 0 0 1427
 1446 0 0 1446
 1136 0 0 1136
 1234 0 0 1234
 457 0 0 457
 432 0 0 432
0 34798320000 2 0 100
12
19 48 56 58 60 103 105 15 28 30 50 85 
 0 1 0 1 0  1 32 16 0 12 17 -1 -1 -1 -1 3 1 906 6 170 4 102  1 33 16 0 12 17 -1 -1 -1 -1 3 6 170 4 34 5 187  1 34 16 0 12 17 -1 -1 -1 -1 3 2 170 6 680 4 34 
0 0 0 0 
0 10 0 0 900 0 900 0 0 200 0 35 1 2 0 0 0
35 0 20 0 0 0 15 0 0 0 0 0 0 0 30 0 0 0 0 0 25 0 0 0 0 0 0 0 0 0 20 0 0 0 0 0 0 0 0 0 0 0 0 0 0 0 0 0 0 0 0 0 0 0 0 0 0 0 0 0 0 0 0 0 0 0 0 0 0 0 0 0 0 0 0 0 0 0 0 0 0 0 0 0 0 0 0 0 0 0 0 0 0 0 0 0 0 0 0 0 0 0 0 0 0 0 0 0 0 0 0 0 100 0 0 0 0 0  3 3 


101
83  3 3 0 ªÏ„Á ﬁ
ªÏ„Á ﬁ 21402
21402  21402 0 0 21402
2245
 2245 0 0 2245
0
150
180
 1662 1653 6578 4153 1321 1072 139  0 0 5 0 0 0 180 180 180 1080 180 0
 1665 0 0 1665
 1450 0 0 1450
 1256 0 0 1256
 1060 0 0 1060
 424 0 0 424
 385 0 0 385
0 34798320000 2 0 100
9
17 3 30 32 97 73 71 69 67 
 0 1 0 1 0  1 32 16 0 12 17 -1 -1 -1 -1 3 1 910 6 170 4 102  1 33 16 0 12 17 -1 -1 -1 -1 3 6 170 4 34 5 187  1 34 16 0 12 17 -1 -1 -1 -1 3 2 170 6 680 4 34 
0 0 0 0 
20 0 0 0 900 0 900 0 0 0 0 0 1 2 0 2 0
0 0 20 0 0 0 0 0 0 0 0 0 0 0 0 0 0 0 0 0 0 0 0 0 0 0 0 0 0 0 0 0 0 0 0 0 0 0 0 0 0 0 0 0 0 0 0 0 0 0 0 0 0 0 30 0 0 0 50 0 0 0 0 0 0 0 0 0 0 0 0 0 0 0 0 0 0 0 0 0 0 0 0 0 0 0 0 0 0 0 0 0 0 30 0 30 0 30 0 30 0 0 0 0 0 0 0 0 0 0 0 0 0 0 0 0 0 0  3 3 


101
83  3 3 0 ªÏ„Á ﬁ
ªÏ„Á ﬁ 20808
20808  20808 0 0 20808
2188
 2188 0 0 2188
27
150
180
 1688 1780 6729 4072 1149 1245 134  0 0 5 0 0 0 180 180 180 1080 180 0
 1642 0 0 1642
 1413 0 0 1413
 1302 0 0 1302
 1048 0 0 1048
 393 0 0 393
 448 0 0 448
0 34798320000 2 0 100
9
17 3 30 32 97 73 71 69 67 
 0 1 0 1 0  1 32 16 0 12 17 -1 -1 -1 -1 3 1 873 6 170 4 102  1 33 16 0 12 17 -1 -1 -1 -1 3 6 170 4 34 5 187  1 34 16 0 12 17 -1 -1 -1 -1 3 2 170 6 680 4 34 
0 0 0 0 
20 0 0 0 900 0 900 1 0 0 0 0 1 2 0 2 0
0 0 20 0 0 0 0 0 0 0 0 0 0 0 0 0 0 0 0 0 0 0 0 0 0 0 0 0 0 0 0 0 0 0 0 0 0 0 0 0 0 0 0 0 0 0 0 0 0 0 0 0 0 0 30 0 0 0 50 0 0 0 0 0 0 0 0 0 0 0 0 0 0 0 0 0 0 0 0 0 0 0 0 0 0 0 0 0 0 0 0 0 0 30 0 30 0 30 0 30 0 0 0 0 0 0 0 0 0 0 0 0 0 0 0 0 0 0  3 3 


0 0 -1  0  0 0 
-1 -1 -1 -1 -1 -1 -1 -1 

1 0 100 6 0 ¿∫◊”
¿∫◊” 11901
11901  11901 900 180 3929
4379
 4379 0 180 1564
33
150
175
 2000 2000 8000 3000 2000 2000 100  0 3 1 0 1 0 175 700 175 350 350 0
 2237 0 0 2237
 1781 0 0 1781
 2860 0 0 2860
 1130 0 0 1130
 962 0 0 962
 1154 0 0 1154
0 3197320000 3 0 100
0

 0 0 0 0 1  0  0  0 
180 180 180 180 
0 0 0 0 875 0 875 0 0 0 0 0 0 2 0 0 0
0 0 0 0 5 0 0 0 0 0 0 0 0 0 0 0 0 0 0 0 0 0 0 0 0 0 0 0 0 0 0 0 0 0 36 50 0 0 0 0 0 0 0 0 0 0 0 0 0 0 0 0 0 0 0 0 0 0 0 0 0 0 0 0 0 0 0 0 0 0 0 0 0 0 0 0 0 0 0 0 0 0 0 0 0 0 0 0 0 0 0 0 0 0 0 0 0 0 0 0 0 0 0 0 0 0 0 0 0 0 0 0 0 0 0 0 0 0 


1 0 0 0 -1 0
6 200 200 200 200 200 200 200 
0 
500 0 0 0 0 875 0 875 33
 30 30 30 30 0 0 0 0
 30 30 30 30 0 0 0 0
-1 -1 -1 -1 -1 -1 
9 154 160 162 163 159 155 156 161 166 
 5 22 45 0 0  5 22 45 0 0  5 22 43 0 0  5 22 43 0 0  5 22 45 0 0  5 22 45 0 0  5 22 49 0 0  5 22 54 0 0  5 25 9 0 0  1 21 0 0 10 0 -1 -1 -1 -1 2 2 3 5 3  1 18 0 0 14 0 -1 -1 -1 -1 4 2 20 4 28 6 0 3 160  1 7 0 0 14 0 -1 -1 -1 -1 4 0 37 1 657 3 400 2 200  1 21 4 0 10 4 -1 -1 -1 -1 2 2 31 5 119  1 18 4 0 14 4 -1 -1 -1 -1 4 2 100 4 28 6 160 3 160  1 6 4 0 14 4 -1 -1 -1 -1 4 0 197 1 837 3 400 2 200  1 21 6 0 10 6 -1 -1 -1 -1 2 2 45 5 177  1 21 6 0 12 6 -1 -1 -1 -1 3 2 45 5 80 0 150  1 18 6 0 14 6 -1 -1 -1 -1 4 2 140 4 28 6 240 3 160  1 6 6 0 14 6 -1 -1 -1 -1 4 0 277 1 927 3 400 2 200  1 21 6 0 10 6 -1 -1 -1 -1 2 2 45 5 177  1 18 6 0 14 6 -1 -1 -1 -1 4 2 140 4 28 6 240 3 160  1 7 6 0 14 6 -1 -1 -1 -1 4 0 277 1 927 3 400 2 200  1 21 7 0 10 7 -1 -1 -1 -1 2 2 52 5 206  1 21 7 0 12 7 -1 -1 -1 -1 3 2 52 5 83 0 175  1 18 7 0 14 7 -1 -1 -1 -1 4 2 160 4 28 6 280 3 160  1 6 7 0 14 7 -1 -1 -1 -1 4 0 317 1 972 3 400 2 200  1 21 14 0 10 14 -1 -1 -1 -1 2 2 101 5 409  1 18 14 0 14 14 -1 -1 -1 -1 4 2 300 4 28 6 560 3 160  1 7 18 0 14 12 -1 -1 -1 -1 4 0 517 1 1197 3 400 2 200  1 21 16 0 10 16 -1 -1 -1 -1 2 2 115 5 467  1 18 16 0 14 16 -1 -1 -1 -1 4 2 340 4 28 6 640 3 160  1 7 28 0 14 16 -1 -1 -1 -1 4 0 677 1 1377 3 400 2 200  1 21 16 0 10 16 -1 -1 -1 -1 2 2 115 5 467  1 21 16 0 12 16 -1 -1 -1 -1 3 2 115 5 110 0 400  1 21 16 0 12 16 -1 -1 -1 -1 3 2 115 5 110 0 400  1 21 16 0 12 16 -1 -1 -1 -1 3 2 115 5 110 0 400  1 21 16 0 12 16 -1 -1 -1 -1 3 2 115 5 110 0 400  1 21 16 0 12 16 -1 -1 -1 -1 3 2 115 5 110 0 400  1 21 16 0 12 16 -1 -1 -1 -1 3 2 115 5 110 0 400  1 21 16 0 12 16 -1 -1 -1 -1 3 2 115 5 110 0 400  1 21 16 0 12 16 -1 -1 -1 -1 3 2 115 5 110 0 400  1 21 16 0 12 16 -1 -1 -1 -1 3 2 115 5 110 0 400  1 21 16 0 12 16 -1 -1 -1 -1 3 2 115 5 110 0 400  1 21 16 0 12 16 -1 -1 -1 -1 3 2 115 5 110 0 400  1 21 16 0 12 16 -1 -1 -1 -1 3 2 115 5 110 0 400  1 21 16 0 10 16 -1 -1 -1 -1 2 2 115 5 467  1 21 16 0 12 16 -1 -1 -1 -1 3 2 115 5 110 0 400  0  0  0  0  0  0  0  0  0  0  0  0  0  1 16 16 0 12 16 -1 -1 -1 -1 3 2 367 3 224 0 60  1 19 22 0 10 16 -1 -1 -1 -1 2 4 363 6 240  1 6 28 0 14 16 -1 -1 -1 -1 4 0 677 1 1377 3 400 2 200  1 18 16 0 14 16 -1 -1 -1 -1 4 2 340 4 28 6 640 3 160  1 20 22 0 12 16 -1 -1 -1 -1 3 2 115 6 849 5 128  1 21 16 0 10 16 -1 -1 -1 -1 2 2 115 5 467 2
5
101
83  3 3 0 ªÏ„Á ﬁ
ªÏ„Á ﬁ 21860
21860  21860 0 0 21860
2291
 2291 0 0 2291
0
150
180
 1713 1609 6412 4221 1281 1029 143  0 0 5 0 0 0 180 180 180 1080 180 0
 1721 0 0 1721
 1443 0 0 1443
 1246 0 0 1246
 1069 0 0 1069
 417 0 0 417
 370 0 0 370
0 34798320000 2 0 100
9
17 3 30 32 97 73 71 69 67 
 0 1 0 1 0  1 32 16 0 12 17 -1 -1 -1 -1 3 1 903 6 170 4 102  1 33 16 0 12 17 -1 -1 -1 -1 3 6 170 4 34 5 187  1 34 16 0 12 17 -1 -1 -1 -1 3 2 170 6 680 4 34 
0 0 0 0 
20 0 0 0 900 0 900 0 0 0 0 0 1 2 0 2 0
0 0 20 0 0 0 0 0 0 0 0 0 0 0 0 0 0 0 0 0 0 0 0 0 0 0 0 0 0 0 0 0 0 0 0 0 0 0 0 0 0 0 0 0 0 0 0 0 0 0 0 0 0 0 30 0 0 0 50 0 0 0 0 0 0 0 0 0 0 0 0 0 0 0 0 0 0 0 0 0 0 0 0 0 0 0 0 0 0 0 0 0 0 30 0 30 0 30 0 30 0 0 0 0 0 0 0 0 0 0 0 0 0 0 0 0 0 0  3 3 


101
83  3 3 0 ªÏ„Á ﬁ
ªÏ„Á ﬁ 21778
21778  21778 0 0 21778
2263
 2263 0 0 2263
19
150
180
 1585 1629 6547 4160 1178 1222 142  0 0 5 0 0 0 180 180 180 1080 180 0
 1626 0 0 1626
 1438 0 0 1438
 1252 0 0 1252
 1064 0 0 1064
 399 0 0 399
 439 0 0 439
0 34798320000 2 0 100
9
17 3 30 32 97 73 71 69 67 
 0 1 0 1 0  1 32 16 0 12 17 -1 -1 -1 -1 3 1 898 6 170 4 102  1 33 16 0 12 17 -1 -1 -1 -1 3 6 170 4 34 5 187  1 34 16 0 12 17 -1 -1 -1 -1 3 2 170 6 680 4 34 
0 0 0 0 
20 0 0 0 900 0 900 1 0 0 0 0 1 2 0 2 0
0 0 20 0 0 0 0 0 0 0 0 0 0 0 0 0 0 0 0 0 0 0 0 0 0 0 0 0 0 0 0 0 0 0 0 0 0 0 0 0 0 0 0 0 0 0 0 0 0 0 0 0 0 0 30 0 0 0 50 0 0 0 0 0 0 0 0 0 0 0 0 0 0 0 0 0 0 0 0 0 0 0 0 0 0 0 0 0 0 0 0 0 0 30 0 30 0 30 0 30 0 0 0 0 0 0 0 0 0 0 0 0 0 0 0 0 0 0  3 3 


101
113  3 3 0 –°ƒßÕ∑
–°ƒßÕ∑ 8486
8486  8486 0 0 8486
1574
 1574 0 0 1574
134
150
180
 1593 1523 8142 2799 1481 1256 105  4 0 1 0 0 0 900 180 180 360 180 0
 2493 0 0 2493
 3569 0 0 3569
 1116 0 0 1116
 848 0 0 848
 543 0 20 453
 452 0 0 452
0 34798320000 3 0 100
11
1 5 7 11 15 24 30 34 50 76 80 
 0 1 0 1 0  1 32 16 0 12 17 -1 -1 -1 -1 3 1 869 6 170 0 221  1 33 16 0 12 17 -1 -1 -1 -1 3 6 170 0 51 5 187  1 34 16 0 12 17 -1 -1 -1 -1 3 2 170 6 680 0 51 
0 0 0 0 
0 0 0 0 900 0 900 1 0 0 0 0 1 2 5 0 0
35 0 20 0 20 0 0 0 0 0 0 0 30 0 0 0 0 0 0 0 25 0 0 0 0 0 0 0 0 0 0 25 10 0 0 0 0 0 0 0 0 0 0 0 0 0 0 0 0 0 0 0 45 0 0 0 0 0 0 0 0 0 35 0 0 0 0 0 0 0 0 0 0 0 0 0 0 0 0 0 0 0 0 0 0 0 0 0 0 0 0 0 0 0 0 0 0 0 0 0 0 0 0 0 0 0 0 0 0 0 0 0 100 0 0 0 0 0  3 3 


101
110  3 3 0 –°œ…¡È
–°œ…¡È 8478
8478  8478 0 0 8478
3834
 3834 0 0 3834
0
150
180
 1588 1538 8117 2775 1498 1282 105  0 0 1 4 0 0 180 180 900 360 180 0
 1420 0 0 1420
 1436 0 0 1436
 1123 0 0 1123
 1233 0 0 1233
 456 0 0 456
 461 0 0 461
0 34798320000 2 0 100
12
19 48 56 58 60 103 105 15 28 30 50 85 
 0 1 0 1 0  1 32 16 0 12 17 -1 -1 -1 -1 3 1 896 6 170 4 102  1 33 16 0 12 17 -1 -1 -1 -1 3 6 170 4 34 5 187  1 34 16 0 12 17 -1 -1 -1 -1 3 2 170 6 680 4 34 
0 0 0 0 
0 10 0 0 900 0 900 0 0 200 0 35 1 2 0 0 0
35 0 20 0 0 0 15 0 0 0 0 0 0 0 30 0 0 0 0 0 25 0 0 0 0 0 0 0 0 0 20 0 0 0 0 0 0 0 0 0 0 0 0 0 0 0 0 0 0 0 0 0 0 0 0 0 0 0 0 0 0 0 0 0 0 0 0 0 0 0 0 0 0 0 0 0 0 0 0 0 0 0 0 0 0 0 0 0 0 0 0 0 0 0 0 0 0 0 0 0 0 0 0 0 0 0 0 0 0 0 0 0 100 0 0 0 0 0  3 3 


101
112  3 3 0 –°æ´¡È
–°æ´¡È 8252
8252  8252 0 0 8252
3788
 3788 0 0 3788
0
150
180
 1553 1500 7854 2874 1477 1238 102  0 0 1 4 0 0 180 180 900 360 180 0
 1373 0 0 1373
 1408 0 0 1408
 1098 0 0 1098
 1234 0 0 1234
 452 0 0 452
 445 0 0 445
0 34798320000 3 0 100
12
19 48 56 58 60 103 105 15 28 30 50 85 
 0 1 0 1 0  1 32 16 0 12 17 -1 -1 -1 -1 3 1 868 6 170 4 102  1 33 16 0 12 17 -1 -1 -1 -1 3 6 170 4 34 5 187  1 34 16 0 12 17 -1 -1 -1 -1 3 2 170 6 680 4 34 
0 0 0 0 
0 10 0 0 900 0 900 0 0 200 0 35 1 2 0 0 0
35 0 20 0 0 0 15 0 0 0 0 0 0 0 30 0 0 0 0 0 25 0 0 0 0 0 0 0 0 0 20 0 0 0 0 0 0 0 0 0 0 0 0 0 0 0 0 0 0 0 0 0 0 0 0 0 0 0 0 0 0 0 0 0 0 0 0 0 0 0 0 0 0 0 0 0 0 0 0 0 0 0 0 0 0 0 0 0 0 0 0 0 0 0 0 0 0 0 0 0 0 0 0 0 0 0 0 0 0 0 0 0 100 0 0 0 0 0  3 3 


0 0 -1  0  0 0 
-1 -1 -1 -1 -1 -1 -1 -1 


œ¬√Ê±£¥Ê»ŒŒÒ

0 

0 

0 

0 

1 2007 0 100
Úø”»
’Ω…Ò…Ω


µÿÕºtrigger 0 

0 

0 
-1 
1 
æÁ«È
»•’Ω…Ò…Ω’“Úø”»#R(BOSS’Ω∂∑)#R
0 2007 0 0
////////////////±£¥ÊæÁ«È
9 
0 
-1 
-1 
0 
±£¥Ê∫√”—¡–±Ì
15

 0 0 0 0 0 …µÊ§ …µÊ§ 0 100 3 -1 -1 0 27979999 0 -1  0 0 -1  0 4  83 ªÏ„Á ﬁ 9 17 3 30 32 97 73 71 69 67 1000000  0 0 5 0 0 0  1735 1833 6876 4420 1222 1105 130 0 
 83 ªÏ„Á ﬁ 9 17 3 30 32 97 73 71 69 67 1000000  0 0 5 0 0 0  1648 1788 6529 4388 1207 1168 140 0 
 113 –°ƒßÕ∑ 12 19 48 56 58 60 103 105 15 28 30 50 91 10000  0 0 1 4 0 0  1511 1567 7887 2756 1464 1277 103 0 
 110 –°œ…¡È 12 19 48 56 58 60 103 105 15 28 30 50 85 10000  0 0 1 4 0 0  1557 1513 7752 2915 1458 1295 105 0 
3

 0 0 0 0 0 ¿‰—ƒ∞¡—© ¿‰—ƒ∞¡—© 0 100 11 -1 -1 0 26969999 0 -1  0 0 -1  0 6  83 ªÏ„Á ﬁ 9 17 3 30 32 97 73 71 69 67 1000000  0 0 5 0 0 0  1655 1702 7181 4442 1190 1136 139 0 
 117 ÷Ì∞ÀΩ‰ 0 1000000  4 0 1 0 0 0  1684 1491 7037 2132 1224 1308 124 0 
 83 ªÏ„Á ﬁ 9 17 3 30 32 97 73 71 69 67 1000000  0 0 5 0 0 0  1673 1837 7129 4243 1329 1155 132 0 
 110 –°œ…¡È 11 1 5 7 11 15 24 30 34 50 76 80 10000  4 0 1 0 0 0  1549 1572 7833 2779 1519 1212 104 0 
 112 –°æ´¡È 11 1 5 7 11 15 24 30 34 50 76 80 10000  4 0 1 0 0 0  1523 1514 8016 2916 1467 1260 102 0 
 113 –°ƒßÕ∑ 12 19 48 56 58 60 103 105 15 28 30 50 91 10000  0 0 1 4 0 0  1538 1565 8114 2797 1515 1245 102 0 
5

 0 0 0 0 0 Àƒºæ Àƒºæ 0 100 10 -1 -1 0 29999999 0 -1  0 0 -1  0 0 -1

 0 0 0 0 0 –°≈÷≈£ –°≈÷≈£ 0 100 5 -1 -1 0 29999999 0 -1  0 0 -1  0 0 -1

 0 0 0 0 0 –°¬˘ –°¬˘ 0 100 12 -1 -1 0 29999999 0 -1  0 0 -1  0 0 -1

 0 0 0 0 0 ª≥ƒÓ ª≥ƒÓ 0 100 0 -1 -1 0 29999999 0 -1  0 0 -1  0 0 -1

 0 0 0 0 0 ∞Ω∞◊ ∞Ω∞◊ 0 100 8 -1 -1 0 29999999 0 -1  0 0 -1  0 0 -1

 0 0 0 0 0 …±∆∆¿« …±∆∆¿« 0 100 14 -1 -1 0 29999999 0 -1  0 0 -1  0 0 -1

 0 0 0 0 0 «Â∑Á «Â∑Á 0 100 1 -1 -1 0 27979999 0 -1  0 0 -1  0 4  113 –°ƒßÕ∑ 11 1 5 7 11 15 24 30 34 50 76 80 10000  4 0 1 0 0 0  1590 1569 7775 2948 1539 1222 101 0 
 110 –°œ…¡È 12 19 48 56 58 60 103 105 15 28 30 50 85 10000  0 0 1 4 0 0  1592 1566 7824 2809 1502 1201 105 0 
 83 ªÏ„Á ﬁ 9 17 3 30 32 97 73 71 69 67 1000000  0 0 5 0 0 0  1662 1653 6578 4153 1321 1072 139 0 
 83 ªÏ„Á ﬁ 9 17 3 30 32 97 73 71 69 67 1000000  0 0 5 0 0 0  1688 1780 6729 4072 1149 1245 134 0 
3

 0 0 0 0 0 —‡◊” —‡◊” 0 100 2 -1 -1 0 29999999 0 -1  0 0 -1  0 0 -1

 0 0 0 0 0 …ÒÃÏ±¯ …ÒÃÏ±¯ 0 100 9 -1 -1 0 29999999 0 -1  0 0 -1  0 0 -1

 0 0 0 0 0 ¿∫◊” ¿∫◊” 0 100 6 -1 -1 0 27969999 0 -1  0 0 -1  0 5  83 ªÏ„Á ﬁ 9 17 3 30 32 97 73 71 69 67 1000000  0 0 5 0 0 0  1713 1609 6412 4221 1281 1029 143 0 
 83 ªÏ„Á ﬁ 9 17 3 30 32 97 73 71 69 67 1000000  0 0 5 0 0 0  1585 1629 6547 4160 1178 1222 142 0 
 113 –°ƒßÕ∑ 11 1 5 7 11 15 24 30 34 50 76 80 10000  4 0 1 0 0 0  1593 1523 8142 2799 1481 1256 105 0 
 110 –°œ…¡È 12 19 48 56 58 60 103 105 15 28 30 50 85 10000  0 0 1 4 0 0  1588 1538 8117 2775 1498 1282 105 0 
 112 –°æ´¡È 12 19 48 56 58 60 103 105 15 28 30 50 85 10000  0 0 1 4 0 0  1553 1500 7854 2874 1477 1238 102 0 
4

 0 0 0 0 0 ◊œ≤À ◊œ≤À 0 100 7 -1 -1 0 29999999 0 -1  0 0 -1  0 0 -1

 0 0 0 0 0 ”¡È…Ò ”¡È…Ò 0 100 13 -1 -1 0 29999999 0 -1  0 0 -1  0 0 -1

 0 0 0 0 0 ª¢◊” ª¢◊” 0 100 4 -1 -1 0 29999999 0 -1  0 0 -1  0 0 -1

-1 0  -1 0 0  -1 0 
-1 
-1
»´æ÷±‰¡ø
99 1000 175 5 0 0 0 0 0 0 0 1 0 50 20 0 0 0 0 0 0 0 0 0 0 0 0 0 0 0 0 
0 0 0 0 0 0 0 0 0 0 0 0 0 0 0 0 0 0 0 0 0 0 0 0 0 0 0 0 0 0 0 0 0 0 0 0 0 0 0 0 0 0 0 0 0 0 0 0 0 0 0 0 0 0 0 0 0 0 0 0 0 0 0 0 0 0 0 0 0 0 0 0 0 0 0 0 0 0 0 0 0 0 0 0 0 0 0 0 0 0 0 0 0 0 0 0 0 0 0 0 0 0 0 0 0 0 0 0 0 0 0 0 0 0 0 0 0 0 0 0 0 0 0 0 0 0 0 0 0 0 0 0 0 0 0 0 0 0 0 0 0 0 0 0 0 0 0 0 0 0 0 0 0 0 0 0 0 0 0 0 0 0 0 0 0 0 0 0 0 1023 0 0 0 0 0 0 0 0 0 0 0 0 0 0 0 0 0 0 0 0 0 0 0 0 0 0 0 0 0 0 0 0 0 0 0 0 0 0 0 0 0 0 0 0 0 0 0 0 0 0 0 0 0 0 0 
Ω®⁄˛≥« 55 24 
0 0 0 0 