162
065 006 006 006 006 004 0 巨蛙  
065 004 004 004 004 004 0 大海龟
065 005 005 005 005 004 0 护卫  
090 005 005 005 005 004 0 树怪  
060 011 011 011 011 004 0 赌徒  
060 004 008 004 008 004 0 强盗  
053 002 002 002 002 004 0 海毛虫
070 004 004 004 004 004 0 大蝙蝠
080 004 007 004 007 004 0 山贼  
077 005 005 005 005 004 0 野猪  
089 007 007 007 007 004 0 骷髅怪
116 005 005 005 005 004 0 羊头怪
050 004 004 004 004 004 0 蛤蟆精
084 004 004 004 004 004 0 老虎  
044 004 004 004 004 004 0 黑熊  
060 004 004 004 004 004 0 花妖  
130 009 009 009 009 004 0 牛妖  
100 005 005 005 005 004 0 小龙女
090 005 005 005 005 004 0 野鬼  
080 004 004 004 004 004 0 狼    
060 007 007 007 007 004 0 虾兵  
110 005 005 005 005 004 0 蟹将  
099 006 006 006 006 004 0 龟丞相
035 010 010 010 010 004 0 兔子怪
075 005 005 005 005 004 0 蜘蛛精
085 006 006 006 006 004 0 黑熊精
060 004 004 004 004 004 0 僵尸  
072 008 008 008 008 004 0 牛头  
086 007 007 007 007 004 0 马面  
080 005 005 005 005 004 1 雷鸟人
060 006 006 006 006 004
112 007 007 007 007 004 1 蝴蝶仙子
050 007 007 007 007 010
100 008 008 008 008 004 1 古代瑞兽
050 006 006 009 009 005
050 004 004 004 004 004 1  白熊    
040 007 007 009 009 010
113 013 013 013 013 004 1 黑山老妖
050 006 006 007 007 007
106 008 008 008 008 004 1 天兵    
060 006 006 009 009 004
058 004 009 004 009 004 1 天将  
058 008 008 008 009 006  
117 007 007 007 007 004 1 地狱战神
060 008 008 005 005 007
050 006 006 006 006 004 1 风伯 
060 008 008 007 007 007
092 005 005 005 005 004 1 凤凰 
060 006 006 009 009 008
077 004 004 004 004 004 1 蛟龙 
070 004 004 006 006 006
088 007 007 007 007 004 1 雨师
050 006 006 007 007 005   
050 003 003 003 003 004 1 如意仙子
070 009 009 008 008 008   
100 002 002 002 002 004 1 芙蓉仙子
050 007 007 010 010 011   
090 004 004 004 004 004 1 巡游天神
090 008 008 009 009 006   
090 009 009 009 009 004 1 星灵仙子
050 005 005 006 006 010
066 006 006 006 006 004 1 幽灵  
050 007 007 008 008 009  
090 012 012 012 012 004 1 鬼将    
050 005 005 007 007 006
070 004 004 006 006 004 1 吸血鬼  
050 004 004 007 007 007   
039 008 008 008 008 004 1 净瓶女娲
060 007 007 009 009 009   
080 006 006 006 006 004 1 律法女娲
060 006 006 008 008 007   
047 010 010 011 011 004 1 灵符女娲
050 008 008 009 009 008   
130 006 009 006 009 004 1 大力金刚
070 006 006 008 009 004   
057 004 004 004 004 004 1  雾中仙 
060 010 010 011 011 010   
095 009 009 009 009 004 1  灵鹤   
060 007 007 007 007 005   
061 009 009 009 009 004 1 夜罗刹 
070 009 009 011 011 011   
100 011 011 011 011 004 1 炎魔神 
080 008 008 007 007 010   
070 005 006 005 006 004 1 噬天虎 
050 006 006 007 007 006
050 006 006 006 006 004 1    野猪精 
070 007 007 006 006 008
075 008 008 008 008 004 1    鼠先锋 
050 004 004 002 002 007
121 009 009 009 009 009 1   百足将军
080 006 006 005 005 004
075 003 003 007 007 004 1  踏云兽 
070 004 004 008 008 007 
055 009 009 008 008 004 1  红萼仙子
050 009 009 009 009 011
080 012 012 009 009 004 1  龙龟   
050 008 008 007 007 007
070 010 010 002 002 004 1 阴阳伞  
070 002 002 007 007 009
070 007 007 008 008 004 1 机关兽 
050 005 005 007 007 007
056 005 006 007 007 004 1 机关鸟  
050 007 007 007 007 006
087 005 005 007 007 004 1  机关人  
070 007 007 007 008 007
055 003 003 003 003 005 1  连弩车  
055 003 003 007 007 005
065 007 007 007 007 004 1  巴蛇    
065 006 006 007 007 006
065 005 005 007 007 007 1 蚌精   
040 005 005 007 007 004 
077 006 008 007 007 017 1  鲛人    
060 005 005 008 008 009
067 010 010 007 007 004 1  碧水夜叉
050 008 008 009 009 008
066 007 007 005 005 004 1 锦毛貂精
050 006 006 011 011 008
074 005 005 005 005 004 1  千年蛇魅
050 006 006 007 007 007
080 007 007 007 007 004 1 犀牛将军人
080 009 009 008 008 005
071 010 010 006 006 004 1 犀牛将军兽
050 005 010 007 007 007
079 005 005 005 005 004 0 机关人车 
090 007 007 006 006 004 1 葫芦宝贝 
060 005 005 007 007 007
040 004 004 002 002 004 1  猫灵人
060 006 006 007 007 008     
064 005 005 005 005 004 1 猫灵兽
060 009 009 006 006 008  
060 006 006 006 007 004 1  狂豹兽
050 006 006 006 007 007
090 002 005 003 006 004 1 狂豹人
050 005 005 006 006 008
060 007 007 004 004 004 1 蝎子精
050 008 008 009 009 009
056 004 004 004 004 004 1  混沌兽
050 003 003 009 009 004
060 012 012 010 010 004 0 超级人参娃娃
080 006 006 007 007 004 1 画魂
050 007 007 009 009 007
099 010 010 010 010 004 1 长眉灵猴  
050 004 004 008 008 008
100 007 007 007 007 004 1 巨力神猿  
070 004 004 004 004 010
080 005 005 004 004 004 1 修罗傀儡鬼
060 008 008 008 008 009
060 004 004 007 007 004 1 藤蔓妖花  
050 007 007 009 009 007
099 006 006 007 007 004 1 蜃气妖   
080 007 007 008 008 007 
077 006 006 009 009 004 1 修罗傀儡妖
050 006 006 006 006 009
103 006 006 006 006 004 1 金身罗汉  
050 007 007 010 010 008
084 004 004 005 005 004 1 曼珠沙华  
050 005 005 007 007 005
109 018 018 010 010  004 0   超级泡泡 
118 010 010 010 010 004 0 超级大熊猫
040 005 005 009 009 004 0  超级金猴  
060 009 009 005 005 004 0 超级大象  
070 005 005 009 009 004 0 超级白泽
050 007 007 009 009 004 0  超级灵鹿  
048 006 006 006 006 004 0 超级赤焰兽
050 004 004 011 011 004 0  超级大鹏  
066 005 005 007 007 004 0  善财童子  
080 005 006 008 008 004 0 超级筋斗云
080 013 013 011 011 004 0  超级神牛  
070 009 009 009 009 004 0  超级神虎  
061 006 006 005 005 004 0  超级海豚  
040 006 006 003 003 004 0  超级神兔  
050 008 008 005 005 004 1  小毛头
050 006 006 009 009 011
050 008 008 009 009 010 1  小丫丫
050 006 006 008 008 008
050 010 010 010 010 010 1  小仙灵
050 007 007 007 007 008
050 009 009 017 017 010 1  小仙女
050 006 006 006 006 008
050 009 009 010 010 012 1  小精灵
050 008 008 008 008 010
050 003 003 014 014 004 1  小魔头
050 005 005 006 006 009
184 008 008 008 008 004 0 孙悟空
200 007 007 007 007 004 0 沙和尚
149 013 013 013 013 012 1  蚩尤 
149 005 005 007 007 010
162 009 009 009 009 004 0 猪八戒
104 008 008 008 008 004 0  狐狸精
116 005 007 005 012 004 0 知了王
064 005 005 005 005 004 0 泡泡
110 004 008 004 008 004 0 赛太岁  
092 006 006 003 003 004 0 周杰伦  
080 007 007 007 007 004 0 超级神龙
108 006 006 006 006 004 0 章鱼  
077 005 005 005 005 004 0 小浣熊
050 007 007 006 006 004 0    海星  
015 007 007 007 007 004 0 火星人
121 006 006 006 006 004 0 转轮王
190 008 008 008 008 004 0 九头精怪
106 005 005 005 005 004 0 腾蛇    
045 006 006 005 005 004 0  东海龙王
076 005 005 006 006 004 0 孙婆婆  
092 011 011 011 011 004 0 牛魔王  
062 008 008 010 010 004 0 镇元大仙
057 010 010 009 009 004 0 菩提祖师
069 004 004 014 014 004 0 白晶晶  
086 006 006 006 006 004 1 幽萤娃娃
050 004 004 006 006 005
060 005 005 007 007 004 0 李靖    
073 011 011 009 009 004 0 程咬金  
090 004 004 008 008 004 0  地藏王  
075 007 007 007 007 004 0 观音姐姐
046 005 005 008 008 004 0 空度禅师
065 008 009 004 004 004 0 大大王  
046 008 008 007 007 004 0 啸天犬  
060 004 004 004 004 004 0 地涌夫人
150 005 005 005 005 004 0 二郎神  
053 005 005 005 005 004 0 烟花占卜师
137 007 007 003 003 004 0  巫奎虎  
046 008 008 007 007 004 0  啸天犬
070 010 010 003 003 004 0 超级孔雀
080 007 007 006 006 004 0 超级灵狐
100 004 004 008 008 015 0  超级神蛇
093 005 005 005 005 004 0  超级神马
095 006 006 004 004 004 0  超级青鸾
072 006 006 005 005 004 0 超级麒麟
062 009 009 007 007 004 0  九色鹿  
080 008 008 008 008 007 1   国持巡守
080 008 008 008 008 007  
070 003 003 007 007 006 0  超级神羊
060 012 012 013 013 005 0   六耳猕猴
080 006 006 010 010 005 1  毗舍童子
080 007 007 006 006 012 
070 006 006 009 009 009 1  真陀护法
070 006 006 009 009 009


 攻击偏移  攻1 攻2 法 是否有进阶 备注





