162
0 1795177224 1888910843 3008582154 3414599612 3008582154 2999070547		0  巨蛙			
0 3131487772 2707547291 2127205477 3957482735 2127205477 0871240528	  	1  大海龟		
0 1557199780 2732679302 2334207220 1754055816 2334207220 0511113157		2  护卫			
0 0350566834 3303750905 3618060822 1459245093 3618060822 1668550238		3  树怪			
0 2978707923 1485725321 1681051299 3756606716 1681051299 0563557440		4  赌徒			
0 0814292021 3339097640 3943194138 1179874618 3943194138 3124902859		5  强盗			
0 4035138027 1553258660 1590450855 3631720163 1590450855 0838273552		6  海毛虫		
0 3518277960 1666501049 1073911979 3102202973 1073911979 3421749718		7  大蝙蝠		
0 1293847218 0016908835 3321555335 2880121122 3321555335 0943533248		8  山贼			
0 3721479617 2574066915 1685697597 3636788168 1685697597 0194273491		9  野猪			
0 1245546270 0523531882 0818944834 0784784891 0818944834 3560494956		10 骷髅怪		
0 1178246524 1177119848 2516357468 2661218083 2516357468 0319998428		11 羊头怪		
0 0602028705 0393201907 1276533297 1570262764 1276533297 1431920351		12 蛤蟆精		
0 1050657571 1219687599 2043984545 1710948577 2043984545 0652298838		13 老虎			
0 2822661914 3083387154 4259283484 3603070735 4259283484 0490810214		14 黑熊			
0 1867247498 2972372550 3143425208 2633715194 3143425208 3042612186		15 花妖			
0 0925054982 1954866876 2637302114 0048383547 2637302114 3212655002		16 牛妖			
0 3049184326 1088228239 0789882072 3547355172 0789882072 1591572490		17 小龙女		
0 0621481322 3750445058 1079371167 4006188939 1079371167 2007276527		18 野鬼			
0 3133455853 3842906130 3316056138 0475350356 3316056138 2708113174		19 狼			
0 1587602365 3627563328 0561385427 1668221049 0561385427 1261853798		20 虾兵			
0 1315200530 2747975962 0484676069 1326035271 0484676069 2861076852		21 蟹将			
0 2685029276 4060523007 2646214528 3496984894 2646214528 0388532813		22 龟丞相		
0 2547845711 1981901691 2302249515 0012321819 2302249515 3070774280		23 兔子怪		
0 1015767490 0930686860 1618653484 3083137918 1618653484 0407080408		24 蜘蛛精		
0 4245326009 0827568683 3989023880 3173669447 3989023880 1759306014		25 黑熊精		
0 2974405975 2197612092 0019687065 4070699672 0019687065 0389403591		26 僵尸			
0 2032596974 2925753758 3349447201 3150225918 3349447201 3373303673		27 牛头			
0 4079987514 0780788950 1888054507 0563150282 1888054507 0543104812		28 马面			
0 1509049151 3775307605 3237925644 2798717351 3237925644 3672377755		29 雷鸟人		
0 3760228976 1568204826 1275875469 4112272317 1275875469 4016824274		30 蝴蝶仙子		
0 3272663421 0640035134 2869533871 2192138994 2869533871 2372137339		31 古代瑞兽		
0 1753531635 1950310209 3715878608 2234245875 3715878608 2141423483		32 白熊			
0 3799816302 1727732694 4203145572 3220309884 4203145572 2636731460		33 黑山老妖		
0 2411204702 2562583651 3865709012 1912915351 3865709012 0367923792		34 天兵			
0 3490324928 4200965191 0628525694 1251547833 0628525694 2453907670		35 天将			
0 0746002057 4218442141 1570228677 1897410428 1570228677 1711283247		36 地狱战神		
0 1269429483 3647964645 2393779394 2215513543 2393779394 0051091117		37 风伯			
1 2893660229 2242027434 4180273224 0865894152 4180273224 0802634997		38 凤凰	
  2893660229 2242027434 2641029083 0865894152 2641029083   0802634997
0 2970665478 1959454355 1222830518 0931042917 1222830518 3329377485		39 蛟龙			
0 1459468329 0007452289 3708916370 1748656363 3708916370 3573873885		40 雨师			
0 2609187034 0364403254 2982724910 4183002674 2982724910 4021736912		41 如意仙子		
0 1710537164 4210261291 0818418342 3853960820 0818418342 3960602968		42 芙蓉仙子		
0 0741807116 4227780475 2296360938 1728600899 2296360938 0583330905	   	43 巡游天神		
0 2834322465 4155523088 1268762037 3765776993 1268762037 1540473805		44 星灵仙子		
0 2139087151 1270233730 1923445066 2880121122 1923445066 2610842059		45 幽灵			
0 3628019536 0776657085 0628825018 2880121122 1936193837 1416021503		46 鬼将			
0 3078005202 0177375547 2289549345 3997612676 1521178543 0656318663		47 吸血鬼		
0 3439683191 3341541225 3332257767 2880121122 3332257767 1181749929		48 净瓶女娲		
0 1873908350 3341541225 1540887421 2880121122 2432674430 4255712904		49 律法女娲		
0 2160835279 4221606384 3332257767 2880121122 3332257767 0			50 灵符女娲		
0 1532537522 3414094801 3162946826 2880121122 3162946826 1251425422		51 大力金刚		
0 2493182138 1057608231 4226488868 2880121122 4226488868 2382579566		52 雾中仙		
0 0690082626 1758652696 4094384674 2880121122 4094384674 3568179012		53 灵鹤			
0 1873908350 2020017406 1050928977 2880121122 1050928977 3874120041		54 夜罗刹		
0 0291502600 3653656369 1973126590 2880121122 1973126590 1308418699		55 炎魔神		
0 3491671125 0026937970 0132336716 2880121122 0132336716 1387891793		56 噬天虎		
0 3721479617 2574066915 1685697597 3636788168 1685697597 0194273491		57 野猪精		
0 3712770835 1503709144 4081372887 2880121122 4081372887 3144522577		58 鼠先锋		
0 1929768413 0266523058 2649300220 2880121122 2649300220 996019855		59 百足将军		
0 0594622824 1427173121 1358395955 2880121122 1358395955 3569227376		60 踏云兽		
0 1923679999 1543411045 0190071159 1923679999 3010618127 0			61 红萼仙子		
0 2194115600 3081630765 1910937308 2880121122 1910937308 2212267125		62 龙龟			
0 1315738080 3045913148 2547905352 2880121122 2547905352 3263486412		63 阴阳伞		
0 1315738080 3045913148 2855753258 2880121122 2855753258 3263486412		64 机关兽		
0 1315738080 3045913148 3531190471 2880121122 3531190471 3263486412		65 机关鸟		
0 1315738080 3045913148 0078516386 2880121122 0078516386 3263486412		66 机关人		
0 1315738080 3045913148 2798251516 2880121122 2798251516 3263486412		67 连弩车		
0 1315738080 3045913148 352101457 2880121122 0653574113 3263486412		68 巴蛇			
0 1389231832 3222174305 2152048895 2880121122 2152048895 0				69 蚌精			
0 3569051100 3837633016 0705045340 2880121122 0705045340 0				70 鲛人			
0 4135167637 3837633016 1776209400 2880121122 1776209400 0			71 碧水夜叉		
0 0495028856 3837633016 3832438398 2880121122 3832438398 0			72 锦毛貂精		
0 1715665584 3837633016 159830263 2880121122 159830263 0			73 千年蛇魅		
0 2084348434 3837633016 0653574113 2880121122 0653574113 0			74 犀牛将军		
0 2084348434 3837633016 0653574113 2880121122 0653574113 0			75 犀牛将军		
0 1315738080 3837633016 80277328 2880121122 80277328 0			76 机关人车		
0 2346000119 3837633016 4160726282 2880121122 4160726282 0			77 葫芦宝贝		
0 64142213 82170304 2641029083  2559105037  2641029083 0			78 猫灵人			
0 2194115600 1421404486 705045340  2559105037 3256168143 0				79 猫灵			
0 1050657571 1219687599 2043984545 1710948577 2043984545 652298838		80 狂豹			
0 3144614980 3414094801 0705045340 2880121122 0705045340 0				81 狂豹			
0 2729136424 0656200786 4081372887 2880121122 0701315951 0			82 蝎子精		
0 2809241142 3464961617 4081372887 2880121122 4081372887 756393989		83 混沌兽		
0 2346000119 1867036243 3465790549 2880121122 3465790549 0				84 超级人参娃娃	
0 2213775418	 1057608231 2606196116 2423858235 2606196116 0				85 画魂			
0 3021936694 2115031259 1929267837 2880121122 1929267837 487913509		86 长眉灵猴		
0 3021936694 0668863761 1223183938 2880121122 1223183938 487913509		87 巨力神猿		
0 1873908350 3341541225 3213730902 2880121122 3213730902 0			88 修罗傀儡鬼	
0 0495028856 3653656369 3465790549 2880121122 3465790549 0		89 藤蔓妖花		
0 2194115600 1437469676 3959208329 2880121122 3959208329  0		90 蜃气妖		
0 3960267172 3341541225 0236023717 2880121122 236023717 0	91 修罗傀儡妖	
0 4135167637 3414094801 0041850947 0986965302 41850947 	    0		92 金身罗汉		
0 2194115600 2456408467 0083721517 2880121122 83721517 	    0		93 曼珠沙华		
0 4055472634 0807924065 2747091459 0112926784 3633588581 1383131555	94 超级泡泡		
0 0287752803 3455107925 3321555335 2880121122 3321555335	487913509	95 超级大熊猫	
0 2377205405 2115031259 1929267837 2880121122 1929267837		  487913509		96 超级金猴		
0 0563676691 2356668461 1949755881 2880121122 1949755881		4248103997		97 超级大象		
0 2194115600 2456408467 2260404585 2880121122 2260404585			    0		98 超级白泽		
0 481695805 2456408467 916542457 2880121122 916542457			    0		99 超级灵鹿		
0 591095616 2456408467 4081372887 2880121122 4081372887			   0		100 超级赤焰兽	
0 1509049151 3775307605 3237925644 2798717351 3237925644 3672377755			101 超级大鹏	
0 3519019586 1867036243 2260404585 2880121122 2260404585			    0		102 善财童子	
0 2833200660 2456408467 4063937507 2880121122 1448022160 0		103 超级筋斗云	
0 0925054982 2456408467 0810033887 2880121122 0810033887 0		104 超级神牛	
0 1050657571 1219687599 2043984545 1710948577 2043984545 0652298838		105 超级神虎	
0 2194115600 2456408467 1300144853 2880121122 0658670191 0		106 超级海豚	
0 2744511883 2456408467 3705410330 2880121122 4245474434 0		107 超级神兔	
1 1766484482 1312716926 1312716926 2880121122 629949036 3912516332		108 小毛头	
  1766484482 1312716926 3337399160 2880121122 3827478149 3912516332	
1 1848303888 1572400320	3827478149 2880121122 3827478149 3329100664		109 小丫丫
  1848303888 1572400320	4081372887 2880121122 4081372887 3329100664		
1 0569246034 1572400320 0999557241 2880121122 4063937507  1494219521		110 小仙灵
  0569246034 1572400320 4081372887 2880121122 4081372887 1494219521	
1 1751610319 2456408467 3195062232 2880121122 3195062232 1494219521		111 小仙女
  1751610319 2456408467 4081372887 2880121122 4081372887 1494219521 	
1 0438230089 2456408467 4171645715 2880121122 4171645715 0900569348		112 小精灵
  0438230089 2456408467 4081372887 2880121122 4081372887 0900569348
0 3857430423 1572400320 4081372887 2880121122 4081372887  1155360319		113 小魔头	
0 1820277119 2518065245 1400960927 3431266830 1400960927 1315746652		114 孙悟空		
0 2294039314 3340136385 3246373215 0771933200 3246373215 3457809636		115 沙和尚		
0 2120824304 1049022231 1428666151 2880121122 2104009774 1647288898		116 蚩尤		
0 3051784734 0123178457 3774820519 1172878746 3774820519 2776187168		117 猪八戒		
0 2255953070 3538259135 3652014537 0447335069 3652014537 624071037		118 狐狸精		
0 2194115600 1437469676 78516386 2880121122 3337399160 0				119 知了王		
0 4055472634 2322934290	3876088364 0112926784 3876088364 2069724230		120 泡泡		
0 1532537522 3414094801 0076460801 2880121122 0076460801 0			121 赛太岁		
0 2194115600 0830899639 1776209400 2880121122 1776209400 0			122 周杰伦		
0 2194115600 0830899639 3337399160 2880121122 3337399160 0			123 超级神龙	
0 2194115600 0007452289 0052752290 2880121122 0052752290 0			124 章鱼		
0 2194115600 2456408467 3038367586 2880121122 3038367586 0			125 小浣熊		
0 2194115600 1437469676 0034505741 2880121122 0034505741 0			126 海星		
0 2194115600 1437469676 3337399160 2880121122 3337399160 0			127 火星人		
0 2194115600 0830899639 4288703741 2880121122 4288703741 0			128 转轮王		
0 2732526220 3445471669 1260491486 1502806775 1260491486 3737504039		129 九头精怪	
0 2194115600 2456408467 4063937507 2880121122 4063937507 0				130 腾蛇		
0 2194115600 1324670936 1300144853 2880121122 0658670191 0				131 东海龙王	
0 1469721634 2456408467 3260524028 2880121122 3260524028 0				132 孙婆婆		
0 3628019536 0776657085 1936193837 2880121122 1936193837 1416021503			133 牛魔王		
0 1435385327 0007452289 4063937507 2880121122 4063937507 0				134 镇元大仙	
0 0814292021 1532537522 2260404585 2880121122 2260404585 0				135 菩提祖师	
0 1715665584 2456408467 4284291376 2880121122 4284291376  0				136 白晶晶		
0 3519019586 1867036243 2096418495 2880121122 2096418495 0				137 幽萤娃娃	 
0 1532537522 0830899639 41850947 2880121122 41850947 0				138 李靖		
0 2194115600 3414094801 0080277328 2880121122 0080277328 0				139 程咬金		
0 2194115600 3414094801 1623051211 2880121122 1623051211 0				140 地藏王		
0 2502711633 3662170487 1260273200 2880121122 1260273200 0				141 观音姐姐	
0 3021936694 2115031259 1929267837 2880121122 1929267837 487913509				142 空度禅师	
0 1050657571 1219687599 2043984545 1710948577 2043984545 0652298838 			143 大大王		
0 3133455853 3842906130 3316056138 0475350356 3316056138 2708113174		144 啸天犬		
0 3439683191 3341541225 2603265538 2880121122 2603265538  1181749929		145 地涌夫人	
0 779917427 3495325067 2176360328 2880121122 2176360328 0				146 二郎神		
0 3078005202 0177375547 2289549345 3997612676 1521178543 0656318663				147 烟花占卜师	
0 3144614980 1532537522 0403843217 2880121122 0403843217 0				148 巫奎虎		
0 3133455853 3842906130 3316056138 0475350356 3316056138 2708113174		149 啸天犬2		
0 0690082626 1758652696 4094384674 2880121122 4094384674 3568179012				150 超级孔雀	
0 2194115600 1421404486 705045340  2559105037 3256168143 0				151 超级灵狐	
0 2194115600 1324670936 2260404585 2880121122 2260404585 0				152 超级神蛇	
0 4079987514 0780788950 1468633513 0563150282 1468633513 0543104812				153 超级神马	
0 2194115600 2456408467 3531190471 2880121122 3531190471 0				154 超级青鸾	
0 3272663421 0640035134 2869533871 2192138994 2869533871 2372137339				155 超级麒麟	
0 481695805 1324670936 916542457 2880121122 916542457 0				155 九色鹿
0 1532537522 3414094801 3162946826 2880121122 3162946826 1251425422				157 持国巡守
0 1178246524 1177119848 2516357468 2661218083 2516357468 0319998428				158 超级神羊
0 1820277119 2518065245 1400960927 3431266830 1400960927 1315746652				159 六耳猕猴
0 2194115600 2456408467 0705045340 2880121122 0705045340 0				160  毗舍童子	
0 2194115600 2456408467 0705045340 2880121122 0705045340 0				161 真陀护法	

是否有第二种声音 	 受  法 攻   防 攻2 死


