1501
建邺城
2697825210
29
戏班老板   1036	86 114    单 1011 0  1
教书先生  1018	78 89      单 1011 1 1  
吹牛王      1006      90 111   单 1011 2 1
张来福 	   1049    87 73    单 1011 3 1
赵捕头    1048	117 71    单 1011 4 1
管家 	 1092      32 86        单 1011 5 1
老孙头    1021	223 132   单 1011 6 1
赵元宝 	   1036     228 64    单 1011 7 1
雷黑子 	   1023      73 10       单 1011 8 1
小花 	  1026     207 36   单 1011 9 1
罗招弟 	   1047    220 116      单 1011 10 9
迎客僧 	   1075      9 55    单 1011 11 3
牛大胆 	  1077     230 109    单 1011 12 9
王大嫂   1035	     141 132   单 1011 13 1
符全 	   1051    19 91       单 1011 14 3
老胡 	    1006      51 30    单 1011 15 	3
刘老爹 	   1025    37 27       单 1011 16 3
马全有 	  1051     52 49     单 1011 17 1
勾魂马面	28	202 46    单 1011 18 1 0 0
宠物仙子 1026	63 115    JY宠物仙子     1
陈长寿 	 1042       219 123    JY陈长寿  1
超级巫医  1083	211 98   超级巫医   1
超级巫医  1083	104 55     超级巫医  1
装备收购商  1006	243 118   装备收购商 1
装备鉴定人  1006	250 115   装备鉴定商 1
海产收购商  1015	231 130    JY海产收购商 1
飞儿 	   1047    105 106     JY飞儿 1
低兽决商人 2001	57 28	 低兽决商人		1    0   24  0
高兽决商人 2000	62  26	 高兽决商人	3    1   24  0
3
376423128  78  72  0   0
376423128  207  78  0   0
376423128  123  107  0   0
13
242  130   东海湾   11 84			3
276  23    东海湾   12  8 			 3
5  2   江南野外  149  55			3
77 13    建邺兵铁铺  12   6		   3
259   90    建邺民居   13   7		3
2  85       建邺民居2    27   9		3
115  132   东升货栈  26   6			2
238  80    万宇钱庄  18  8			3
240  25    建邺民居1  27  8			3
216  9    回春堂分店  24  7		   3
172  37  李积布庄  13  7			3
130  42  合生记    15  5 			 3
148  84  建邺衙门  13  9			3
0