1040
西梁女国
4269786701
14
慕容婆婆	1057       82 88	  XL慕容婆婆			 3
西门将军	1037       38 97	  单 1015 1			 3
宁小倩		1037       59 20	  XL宁小倩		     3
上官丞相	1090       64 17	  XL上官丞相	    	 7
西梁女国国王	1087       21 103	  单 1015 0	    	 3
西梁女兵	1085       63 13	  XL西梁女兵	    	 7
西梁女兵	1085       69 17	  XL西梁女兵	    	 7
西梁女兵	1085       130 18	  XL西梁女兵	    	 3
西梁女兵	1085       143 24	  XL西梁女兵	    	 3
驿站老板	1043	   23 54	  XL驿站老板			 3
西梁女兵	1085		13 99	  XL西梁女兵			 3
西梁女兵	1085		27 106	  XL西梁女兵			 3
马真人		1041		128 58	  XL马真人			 3
药店老板	1037		138 62	  XL药店老板		 1
0
1
152  15 子母河底  11  16 3
0