1070
长寿村
2766803400
15
太白金星	1041	53  18			CS太白金星			1
毛驴张 	  	1046    81  129		   CS毛驴张 	    	   1
超级巫医 	1083	124  114		   超级巫医 	   3
钟书生 	   	1018 	46  156		   CS钟书生 	    	   7
慧觉和尚	1075	136  67		   单 1015 9			   1
海老先生	1025	101  38		    单 1015 7			   3
凤凰姑娘	1026	24  106		   单 1015 8			   3
蝴蝶女		30	50  135		   CS蝴蝶女			   3 0 0
许大娘		1040	80  65		   CS许大娘			   3
钱老板		1045 	136  84		   CS钱老板			   1
许姑娘		1039	78  172		   CS许姑娘			   1
南极仙翁	1029	110  189		   CS南极仙翁		   3
马婆婆		1057	43  71		   CS马婆婆			   1
蔡爷爷  	1025	121  174	CS蔡爷爷   1 
捕鱼人 		1015  	90  108	CS捕鱼人	1
0
14
16   41   村长家  27   8	2
80   29   长寿村药店  23  8	2
137  54   长寿村杂货店  13  6	2
148  3    长寿郊外    156  156	3
84   73   长寿村服装店  13  9  	2
72   112  长寿村武器店  23  7	2
107  149  长寿村酒馆   19  6	2
151  146  长寿村民居1  12  10	2
144  96   长寿村钱庄  21   9	2
130  185  长寿村神庙 11    6	2
114  208  方寸山     9   32 	2
21   181  长寿村民居  25  6	2
13  128  长寿村当铺    15  6	2
94  144  长寿酒店上房  27  8  2
0









