1001
长安城
3468445205
39
马副将			1084	193 174		 单 1012	0				3
张老财			1045	250 27		 单 1012	1				3
王夫人			1035	386 50		 单 1012	2				3
红线童子 		1079	445 143		 单 1012	3 				3
秦府守卫 		2	106 66		单 1012	4			3 0 0
大宝			1079	144 4		 单 1012	5					1
二宝			1079	490 190		单 1012	6				1
小宝			1079	310 120		单 1012	7					1
穷汉 			1033	304 53		单 1012	8 					3
李将军			1084	161 190		单 1012	9 					3
长安府守卫 		2		50 37		 单 1012	10			3 0 0
长安府守卫 		2		63 44		 单 1012	10 			3 0 0
御林军左统领		1069	102 227		单 1012	 11 			3
御林军右统领		1069	110 230		 单 1012	12 			3
袁守诚			1034	173 14		单 1012	13					1
赵美人 			1026	5 147		单 1012	14 				3
帮派主管		1051    384 270		 单 1010	6				3
兰虎 			1051    418 115		单 1012 18 					1
超级巫医 		1083	528 188		 超级巫医 				1
建房吏			1048	38 60		 单 1010 13					1
轿夫 			1017	521 129		 CA轿夫 					1
怜儿姑娘		1039	277 104		 CA怜儿姑娘 				1
配色师			1028	288 17		 CA配色师					9
月老 			1044	434 140		 CA月老 					3
帮派竞赛主持人 		1069	377 118		单 1010 31 		1
圣山传送人		1034	349 73		 CA圣山传送人				1
老矿工 			1046	290  30   	 CA老矿工					1
袁天罡 			1091    357 245		 CA袁天罡 				3
珍品商人		1028	175 31		 单 1012 15				1
商会总管		1068	326 18		 CA商会总管 				3
装备收购商		1006	469 203		 装备收购商 			1
装备收购商		1006	459 15		 装备收购商 			9
装备鉴定商		1006	420 247		 装备鉴定商 			1
宝石商人 		1002	499 141		 CA宝石商人 				1
装备鉴定商		1006	438 55		 装备鉴定商 			1
天台黑心商人		2005	361  249	 CA天台黑心商人	 			3    4   24  0
罗道人			1077    257  38		 CA罗道人				3
门派传送人	 	1049	482 31		 CA门派传送人	 			1
驿站老板		1043	280 43		 CA驿站老板				1

1
1622881096   459   164   1 1
36
537  114 长安民居1  12  11  2
504  108 长安民居3  33  9  2
518	237	平安福寿店	20	12	2
529  2  江南野外 22  107	5
451 248  大雁塔一层  40 20	3
472  249 大雁塔一层 100 20	2
3    2      大唐国境 338  145	2
8  64  长安衙门		 39  9	3
44  64  衙门地牢	18 12	3
84  80  秦琼府		47  10	3
159 140 丞相府		54  21 	3
98  234  金銮殿		99  19	3
203  255  皇宫厢房  12  8	3
279  203  国子监书库 50 17	3
286  61  长乐赌坊 28 10		2
245  47  清音坊  27  7		3
215  36  留香阁  48  9		3
341  31  福隆当铺  35  7	3
365  41  张记布庄  29  9	3
439  61  云来酒店  11   14	2
478  43  万胜武器店 14   7		3
408  21  锦绣饰品   35   9		3
367  6   长安民居2   26  8		2
522  76  书香斋   16   11		2
486  100  冯记铁铺  19  13		2
384  124 镇远武馆  12  9		2
536  134   南北杂货店 15  10	3
525  155  长风镖局  11  13		3
489  161  回春堂药店  11  11	2
463   168  长安酒店1楼  16  9	3
468  183  长安酒店2楼  13  16	2
475  180  长安酒店2楼  23  12	2
516  197  广源钱庄  15  11		2
549  193  长安民居4  24  19		2
307  275  大唐官府  154  10		3
513  277  化生寺  11  10		3
0






