0	2000	大唐首席弟子   1	 大唐官府 	137  62 2 1 1 	18	1		0
1	2001	化生首席弟子   1	 化生寺		032  21 2 1 1	18	0		0
2	2002	女儿首席弟子   1	 女儿村		065  62 2 1 1	18	10		0
3	2003	方寸首席弟子   1	 方寸山		120  38 2 1 1	18	11		0
4	2004	狮驼首席弟子   1	 狮驼岭		110  85 2 1 1	18	3		0
5	2005	魔王首席弟子   1	 魔王寨		037  29 2 1 1	18	4		0
6	2006	盘丝首席弟子   1	 盘丝岭		139  40 2 1 1	18	6		0
7	2007	地府首席弟子   1	 阴曹地府	114  20 2 1 1 	18	9		0
8	2008	龙宫首席弟子   1	 龙宫		081  43 2 1 1	18	5		0
9	2009	五庄首席弟子   1	 五庄观		040  43 2 1 1	18	2		0
10	2010	普陀首席弟子   1	 普陀山		070  21 2 1 1	18	7		0
11	2011	天宫首席弟子   1	 天宫		212  27 2 1 1	18	8		0
 -1	1084	十二门派任务人 1	 长安城		107 200 3	


门派id  模型id	  名字		  地点	位置	方向  武器		角色染色(0表示不染色)