0   2
1  大海龟			3   61  37	73        200   2
120 泡泡			4   0   6    	25  37   300000	0
5   9
0  巨蛙    			3   20 	88 	62		8000	1
2  护卫				2   0   29			8000	2
3  树怪				3   62  37	61		8000	2
4  赌徒				1	53				8000	0
5  强盗 			3	90 	35	53		8000	0
6  海毛虫 			4	23	2	41	62	8000	0
7  大蝙蝠 			3	10	4	6		10000	0
8  山贼				2	29	53			8000	0
9  野猪 			3	35	23	62		8000	0
15  7
10 骷髅怪 			2	45	65			8000	0
11 羊头怪			3	23	6	25		15000	0
12 蛤蟆精 			2	23	41			8000	0
118 狐狸精			4   10  15   18  65  8000	0					
124 章鱼			4   6	4   72	62   30000  0
125 小浣熊			4   23  29  25  39	30000    0
126 海星			4   72	62  88  2	30000   1
25 7
13 老虎 			4	23	35	16	39  20000	0
14 黑熊 			4	23  37	16	61	20000	2
15 花妖 			3	20	88	16		20000	1
16 牛妖 			2	90	0			20000	0
17 小龙女			4	88	21	77	73	100000	1
18 野鬼				4	10	45	62	65	10000	0	
19 狼				5	10	6	23	33	39  20000	0
35 7
20 虾兵				3	23	29	72	30000	0
21 蟹将				3	7	29	72  30000	0
22 龟丞相			5	37	18	89	88	72	40000	1
23 兔子怪			3	25	33	14	20000	0
24 蜘蛛精			2	41	7	20000	0
25 黑熊精			2	36	65	30000	0
26 僵尸  			6	45	4	16	41	65	62	20000	0
45  7
27 牛头				4	45	23	10	29		40000	0
28 马面				3	45	23	10		80000	0
29 雷鸟人			4	8	84	85	66	100000	0
30 蝴蝶仙子			4	8	47	6	43	100000	0
31 古代瑞兽			3	27	87	43		100000	0
32 白熊				4	0	23	61	35	100000	0
33 黑山老妖				2	4	10		100000	0
55  3
34 天兵					3	23	37	43		100000	0
35 天将 				4	35	23	6	43	100000	0
36 地狱战神				3	7	86	2		100000	0
65  7
37 风伯					4	89	33	20 	70	100000	0
38 凤凰					4	71	91	50	9	200000	1
39 蛟龙					4	89	73	8	77	 200000	1
40 雨师					3	89	73 	20		 150000	1
69 蚌精					4	89	38	18	73	 200000	1
70 鲛人					3	6	72	74		 200000	0
71 碧水夜叉				2	99	85			 200000	0
75   6
72 锦毛貂精				3	87	34	21		 200000	0
73 千年蛇魅				4	42	39	47	23	 200000	0
41 如意仙子				4	85	6	20	33	 200000	1
42 芙蓉仙子				4	16	6	23	8	 200000	0
43 巡游天神				2	24	29			 200000	0
44 星灵仙子				4	85	19	67	8	 200000	1
85   5
57 野猪精				3	16	23	29		 200000	0
58 鼠先锋				2	87	34			 200000	0
59 百足将军				3	7	23	41		 200000	0
74 犀牛将军				3	29	0	23		 200000	0
75 犀牛将军				3	87	57	59		 200000	1
95  7
86  长眉灵猴			4	43	57	55	87		250000	1
87  巨力神猿			4	23	36	30	0		250000	0
45 幽灵					4	46	65	41	12		250000	2
49 律法女娲				4	6	23	98	0		250000	0
50 灵符女娲				3	91	55	57			250000	1
47 吸血鬼				4	4	11	63	45		250000	0
63 阴阳伞  				6	75	7	54	62	11	52  250000	0
105  4
48 净瓶女娲				4	7	21	19	85		500000	0
46 鬼将					3	24	46	92			500000	0
85  画魂				4	46	48	91	31		500000	1
137 幽萤娃娃			3   45  38  33			500000	2
125  6
51 大力金刚				3	95	38	24			1000000	0
52 雾中仙				7	87	91	85	56	57	21	50	1000000	1
53 灵鹤					4	9 	21	19	85		 1000000	0
54 夜罗刹				4	7	23	11	33		 1000000	0
55 炎魔神				3	91	71	24			 1000000	0
56 噬天虎				3	24	7	17			 1000000	0
135  3
60 踏云兽				3	24	17	76			 1000000	0
61 红萼仙子				4	21	7	19	85		 1000000	0
62 龙龟					5	97	38	77	61	73	 1000000	2
145  8
64 机关兽				7	76	23	25	54	62	11	52	 1000000	0
65 机关鸟				6	8	54	62	7	11	52		 1000000	0
66 机关人				5	11	54	62	24	52			 1000000	0
68 巴蛇					7	11	54	62	7	52	42	76	 1000000	0
76 机关人				5	11	54	62	33	52			 1000000	0
77 葫芦宝贝				4	67	69	71	73				 1000000	2
79  猫灵				3	 24   26   11				 1000000	0
80  狂豹			     3     34   40   36				 1000000	0
155  4
78  猫灵人			    6    34     7   11    24   26  40			 1000000	0
81  狂豹人				5	24	15	95	40	36						 1000000	0
82  蝎子精				4	42	24	30	12							 1000000	0
83  混沌兽				9	17	3	30	32	97	73	71	69	67		 1000000	2
165  5
88 修罗傀儡鬼 			6	1	30	36	40	46	93				  1000000	0
89 藤蔓妖花				6	56	58	60	87	17	79				  1000000	1
90 蜃气妖				5	80	75	74	7	24					  1000000	0
91 修罗傀儡妖			5	30	32	99	40	46					  1000000	0
93 曼珠沙华				8	3	48	56	58	89	1	42	19		  1000000	1
300   25
84  超级人参娃娃		5	69	58	87	21	17	   10000000	0
94 超级泡泡				0						   10000000	0
95 超级大熊猫			5	0	6	16	23	29	   10000000	0
96 超级金猴				0						   10000000	0
97 超级大象				0						   10000000	0
98 超级白泽				0						   10000000	0
99 超级灵鹿				0						   10000000	0
100 超级赤焰兽			0						   10000000	0
101 超级大鹏			0						   10000000	0
103 超级筋斗云			0						   10000000	0
104 超级神牛			0						   10000000	0
105 超级神虎			0						   10000000	0
106 超级海豚			0						   10000000	0
107 超级神兔			0						   10000000	0
123 超级神龙			0						   10000000	0
130 腾蛇				0						   10000000	0
144 啸天犬				0						   10000000	0
149 啸天犬2				0						   10000000	0
150 超级孔雀			0						   10000000	0
151 超级灵狐			0						   10000000	0
152 超级神蛇			0						   10000000	0
153 超级神马			0						   10000000	0
154 超级青鸾			0						   10000000	0
155 超级麒麟			0						   10000000	0
156 九色鹿				0						   10000000	0
模型id 名字    技能  

