1
17
黑麻垂曼帘 3144910053	527748860   	0 	25000	 2 2629893271  3975322555	 
桦木圆桌  245626769  76525272		0	25000    1  35363774
桦木立柜  1088156777  2500704542	0	25000  2  1397631943  4180585364
草编地毯  3648021062  3346853153	1	25000	2 1586865778 1623887697
漆花竹凳  713394879  3709427222		0	25000  2  1471348531  1837939482
榛木床  2700451028  3931403607		0	 25000  2  1835022080  3016048442
文竹  2749653472  3861270528		0	  25000  1 4268914011
印花屏风  2367462166  1853211998	0	25000   2  500314949  1213446394
君子兰  2921325868  2316444552		0	 25000  1 764032275
蝴蝶兰  4054457564  64792198		0	 25000	1 1961848158
水仙   279768917  731935980			0  25000   1  1782111267
仙人掌  963676059  4212655372		0	 25000   1 2780857406
银烛台  402845804  2523911629		0	 25000   1  2307310264
玉瓷画瓶  1924160610  3179521060	0	25000   1  4144755757
八卦镇邪榻  2625514981  2222572084	0   	25000   2  630419086  1213168260
踏春图  486590349  3780027226		2	 25000   2  2122383920  3326694696
漆花地板  3160699751  288601235		3	50000			 0
2
26
白鹤展翅帘  3495043848  3130450639	1  	35000    2  3376245571  3683954962
蓝绸绣花帘  1137982403  1494638855	0	35000  2  3445265807  3853977523
红木八仙桌  507201508   3459394432	0   35000  1  615570251
嵌玉虎纹桌  1956285927  2184109650	0   35000  1  3974550624
双鱼吉庆柜  2096188044  4228255282	0   35000  2  3556776584  4012963300
神仙帐   1932969387   242505029		0 	35000    2  1020633537  1564047051
彩绘立柜  2771212194  1088164477	0	35000   2 1824100180  4053255843
兽皮地毯  1774988676  3824138317	1	35000  2  2131773911  3462358300
麻布地毯  4291128492  1781444045	1	35000  2  152545904  3964203228
桦木靠背椅  838629810  1875485944	0   35000   4 3562548828 4013831606  689902336  953750063
月牙凳   922665198  2508902162		0	 35000  2  1132804655  4003754607
狮子图屏风  202759390  3078358520	0   35000   2 2843637332  4021082293
花鸟图屏风  380821555  2758205137	0   35000   2  3145908604  3243628723
天山云雪  798523924  3314557937		0	35000	1  1768149349
龟鹤延年灯  391253560  864584440	0	   35000  2  2628916192  4065005937
长信宫灯  2678881313  3737610998	0	35000   4  572789530 2087458930  761347623  3615852497
雕花马桶  642408137  4033448801		0	35000   2  1298086680  3148359750
彩绘花瓶  3645081089  2737260129	0	35000   1  1997579060  
夕阳山水图  1691929310  3428702620	1   35000  2  2808057101  3375795177
猛虎坐山图  1199639268  1903454513	1   35000  2  371881137  2506226856
海之青石凳  64423370  55559373		0   50000	  2  1397312831  2492925587
海之缎面帘 3856051443  1375537067	0   50000	  2  4055811543  1246464165
海之方桌  3098143118  2978008204	0	50000	  1  1005353512
海之珠贝图  435647020  3968457617	1   50000	  2  785105157  2396063640
玲珑兔圆桌  2608910475  3487073794	0   50000	   1  1016042198
桦木地板  3802256143  2388510788	3	100000			 0
3
33
黄缎锦边帘  926768151  3877257957		1	200000  2  1301177247  3863601386
紫檀雕花柜  3745427611  3615622396		0	 200000  2  2791767315  3968081083
百兽镇邪桌  857217854  951430598		0	200000 1  978302182
八宝呈祥桌  888399610  3644963889		0	200000   1  496312657
波斯地毯  1609671252  3760179528		1	 200000  2  1000719606  2715497543
白虎皮毯  3899911130  726113885			1	 200000   4  3046164710 4174860651  907143012  3229344891
紫檀雕花椅  2734236938  1847564617		0	200000   4  1162331631  998064841  4149426318  2032458849
虎威太师椅 3714722222  2523038028		0	200000   4   3037515018  314046081  4008922645  3450807718
龙凤呈祥  3396375782  4026634367		0	 200000   2  848422290  915252320
壮丽河山   479455116   3938246537		0	 200000   2  2765714626  861092261
金座雕龙屏风  3201477312  3829326163		0	   200000  4  298170701  427926680  3433251841  1883610958
紫檀马桶  2824963289  2294492692		0	 200000   4   4028182587 2534385460 720310052  3721108903
千佛图  4246218776  2847350594			0	  200000  2  1334298644  2674842715
凤凰傲意图  162415283  1149773660		1	200000    2    2919089274  426150969    
海之青石桌  2681217058  33767141		0		500000		   2  2509389011  991774062
海之立柜   715435621  1482746723		0		500000		    2  343327204  1404301792
海之藏经架  4069491001  3298209099		0		500000		   2  3494325211  300435925
海之彩鱼毯  4026153313	2812549173		1	500000		   2 1455157928  2208681946
海之明珠屏 853256441  2376517362		0	500000		  2  3980166732  3483926803
海之太师椅  1089867198  2537853476		0	500000		   2 3128729631  3369919319
海之明珠灯  1714042769  2048162550		0	500000		   1  2541791386
海之葵    994857538  1034050105		  	0	500000		   1  61456662
海之巨螺桶  4044053751  2577212106		0	500000		   2 2895230810  1105535336
玲珑兔粉缎帘  1383459728  817562069	   	1	500000		   2  642625886  2275450328
玲珑兔立柜   1925057149	190278169		0	500000		  2  3363906160  3937853375
玲珑兔藏经阁  2012085747   856125553	0	500000		   2   2611308840  2623470935
玲珑兔书桌  2962254257  2750370430		0	500000		 2  2740427090  1923688099
玲珑兔靠背椅  1514799966  2963280299	0	500000		   2  165816471  1833570519
玲珑兔摇摇椅  555926608   1105561457 	0	500000		   2  2945121254  526791383
玲珑兔迎客屏  870821000  522260082	   	0	500000		   2  3944866643  142201696
玲珑兔花瓶  3774204607  1391971655		0	500000		   1  280244365
玲珑兔惬意桶  2075866678  2226097685	0	500000		   2  4040184400  461087579
红木地板  3709028060  899250745			3	1000000		 0
4
20
红杏闹春帘  1819362287  2161189635		0		1000000    2  1760614947  2776112985
招财聚宝柜  2130182259  3008929205		0		 1000000   2  2608184609  1579009517
宁夜安梦  3684518415  2687259099		0		 1000000   2  430945021  2022269115
五谷轮回桶  3779948595  140394635		0		1000000  4  523803996  3907242256 534947671  1649894772
海之珊瑚卧  1594067048  3743586048		0		2000000		2	 3895945593  2541582085
海之彩贝榻  1492424380  3510521287		0		2000000			 2  3924486348  1342014424
玲珑兔贵妃卧  2180032571  986621465		0	   2000000			 2  2098383272  3994821216 
玲珑兔甜梦榻  2366233405  1629674721		0	   2000000		 2   1268961996  1273824633
博古通今桌  4230754552  1949418958		0	2000000			 4  498116  1108791703  3125301128  3407481659
翠珠梳妆台  3115571566  3777228744		0	2000000			 2  1323446885  4267091670
紫檀藏经阁  3313379612  1976209240		0	2000000			 2  1010378505  607577455
怡然太师椅  1427759439	140659481		0	 2000000		 4  242476349  2035225667  3400804413  3695375021
雕花贵妃卧  1995950613  209443755		0	2000000			 2   367971902  563879219
福禄鸳鸯榻  1848033964  3137023376		0	2000000			 2    1750691763  1076713915
吉祥祈福案  2250114553  1226302212		0	2000000			2    46742191  2308602636
花开富贵门  2593293826  2166199378		4	2000000			 0
海之七色门  3780808578  1514683221		5		2000000			 11  4167655780  3601903702 2605490076 1884449766 1260708261   1102086693  675127650  1160236416  1276880304  1902538130  3557580997
玲珑兔美梦屏风  940300552  1290685650		4	 2000000		  6   3704564160  3098039052  4091351947  1560916150  1812762008  1129562716
海之蔚蓝石砖 2705802218   1415148812		3	 20000000		 0
玲珑兔梦幻家园  2765011456  2282359021		3	 20000000		  0


//类型  0  普通  1 地毯  2 挂件  3 地板






























