106
0	反击			2574462722	0326702364	7 	1	1	受到物理攻击有30%几率反击
1	高级反击		3922527672	0025709904	7	1	0	受到物理攻击有45%几率反击
2	反震			3941065708	3754360316	7	1	3	受到物理攻击有25%几率反震30%的伤害
3	高级反震		1907422702	0511662384	7	1	2	受到物理攻击有30%几率反震50%的伤害
4	吸血			0668285297  	0156592686	7	1	5	物理攻击有20%的吸血效果
5	高级吸血		1364867245	2545117654	7	1	4	物理攻击有35%的吸血效果
6	连击			1161065019	0834880568	7	1	7	物理攻击有15%的连击率(伤害不下降)
7	高级连击		1321871887	3016140514	7	1	6	物理攻击有30%的连击率(伤害不下降)
8	飞行			0813574344	1190813269	7	1	9	回避率+10%,命中率+10%,暗器防御下降
9	高级飞行		4277341965	3853120636	7	1	8	回避率+20%,命中率+20%,暗器防御下降
10	夜战			3713855072	3945460783	7	1	11	伤害力+5%
11	高级夜战		1048702203	1493608096	7	1	10	伤害力+10%
12	隐身			1508147758	3007875758	7	1	13	你看不到我(伤害不下降)
13	高级隐身		2491734238	2948130962	7	1	12	你看不到我(伤害不下降)
14	感知			3677043818	4012137980	7	1	15	我看得到你
15	高级感知		0675296013	1822711583	7	1	14	我看得到你
16	再生			3287776911	2264480315	7	1	17	再生能力+10
17	高级再生		0468221024	3809634425	7	1	16	再生能力+20
18	冥思			0622128415	3554832714	7	1	19	魔法恢复能力+5
19	高级冥思		1718714912	2174943999	7	1	18	魔法恢复能力+10
20	慧根			1457451798	3365576412	7	1	21	降低法术消耗
21	高级慧根		0242180125	4174265955	7	1	20	大幅度降低法术消耗
22	不幸			3898723421  	3002471686	7	1	0	你的人生都是悲剧
23	必杀			3789166294	1107454372	7	1	24	必杀率+10%
24	高级必杀		1672890477	1282412196	7 	1	23	必杀率+20%
25	幸运			3640080474	1085801234	7	1	26	被必杀率-50%
26	高级幸运		1781077356	481753720	7	1	25	被必杀率-100%
27	神迹			1245429649	1198707975	7	1	28	每回合60%几率回复状态
28	高级神迹		0705701591	4235295997	7	1	27	每回合99%几率回复状态
29	招架			2387844026	3512730332	7	1	30	格档率+10%
30	高级招架		450878763	1018872745	7	1	29	格档率+20%
31	永恒			1988160424	1508625069	7	1	32	增益效果时间加倍
32	高级永恒		4168001168	3963828674	7	1	31	增益效果时间加2倍
33	敏捷			3132756451	4289478506	7	1	34	速度+10%
34	高级敏捷		1248152147	2061355872	7	1	33	速度+20%
35	强力			1458903425	707555275	7	1	36	攻击+5%
36	高级强力		3563500497	2177485118	7	1	35	攻击+10%
37	防御			91393867	4101692183	7	1	38	防御+5%
38	高级防御		1616189465	3783015310	7	1	37	防御+10%
39	偷袭			3049408565	205675459	7	1	40	攻击不容易被防害
40	高级偷袭		4012815828	1555617599	7	1	39	攻击更不容易被防害
41	毒			142259178	3804526840	7	1	42	攻击时有10%几率使对手中毒
42	高级毒			589320553	1086230366	7	1	41	攻击时有20%几率使对手中毒
43	驱鬼			416049958	2077703648	7	1	44	对有鬼魂术的目标伤害+50%
44	高级驱鬼		72429538	3419368419	7	1	43	对有鬼魂术的目标伤害+100%
45	鬼魂术			813494718	4276424619	7	1	46	你封不到我
46	高级鬼魂术		2436724533	3547941491	7	1	45	你封不到我
47	魔之心			718604442	2278038627	7	1	48	法术伤害+10%
48	高级魔之心		2586072698	2875710379	7	1	47	法术伤害+20%
49	神佑复生 		1409514751	2943632069	7	1	50	死亡时有20%几率复活
50	高级神佑复生		2040400078	3049938323	7	1	49	死亡时有35%几率复活
51	精神集中 		4141937856	2799682055	7	1	52	中异常状态的几率-15%
52	高级精神集中		3121640283	2394534448	7	1	51	中异常状态的几率-30%
53	否定信仰		3345212313	3002471686	7	1	54	击败敌人时,对方神佑率下降20%
54	高级否定信仰		484689261	2449787202	7	1	53	击败敌人时,对方神佑率下降30%
55	法术连击		2200246844	345682085	7	1	56	法术20%的几率连击
56	高级法术连击		3484714916	1890987017	7	1	55	法术30%的几率连击
57	法术暴击		1389982585	1108386617	7	1	58	法术10%的几率暴击
58	高级法术暴击		2071863113	1628140681	7	1	57	法术15%的几率暴击
59	法术波动		762242741	267613400	7	1	60	法术暴击时伤害提升
60	高级法术波动		2322584044	3668919080	7	1	59	法术暴击时伤害提升
61	迟钝			2619272788	274661895	7	0		回过神来半速度没了
62	弱点火			1546100078  4005696838		7	0		受到火属性攻击伤害+30%
63	弱点水          	803997825   1114088245		7	0		受到水属性攻击伤害+30%
64	弱点土			2234852568  910396241		7	0		受到土属性攻击伤害+30%
65	弱点雷			2886112942  2605672758		7	0		受到雷属性攻击伤害+30%
66	雷属性吸收      	2803729932  3314329208		7	1	67	受到雷属性攻击20%吸收伤害
67	高级雷属性吸收		1654409054	119787649	7	1	66	受到雷属性攻击30%吸收伤害
68	土属性吸收      	134325226   3503123353		7	1	69	受到土属性攻击20%吸收伤害
69	高级土属性吸收		2639364118	751839372	7	1	68	受到土属性攻击30%吸收伤害
70	火属性吸收		4098020456  4092454521	7	1	71		受到火属性攻击20%吸收伤害
71	高级火属性吸收		2898051336	1343324785	7	1	70	受到火属性攻击30%吸收伤害
72	水属性吸收		92545119    1756512785	7	1	73		受到水属性攻击20%吸收伤害
73	高级水属性吸收		2532360260	1312179231	7	1	72	受到水属性攻击30%吸收伤害
74	移花接木		1485240275 	0		7  	0		受暗器伤害-95%
75	风刃   			1668746823 	0		7  	0		攻击造成15%溅射
76	嗜血追击		3287596045	0		7  	0		目标死亡后追加攻击另一个目标
77	盾气			78907828 	0		7  	1	78	硬挺5回合
78	高级盾气		2395092917 	0		7 	1	77	坚挺5回合
79	法术抵抗		1054705400	0 		7	1	80	受到法术伤害-15%
80	高级法术抵抗		3908900845	0 		7	1	79	受到法术伤害-25%
81  	风华合纵		2840432618	0 		7 	1	82	连击上限+1
82  	风华武圣		1319969279 	0		7  	1	81	连击上限+3
83  	法术陷阱		3740723960	0 		7 	0		反弹30%的法术伤害
84	雷击		3336994935	2495588313	4	3721556213      0	238079300	-10	1	0	单体雷属性法术	30MP
85	奔雷咒		2858620755	3666293224	4	0067470579      -3	4115415077	-10	3	30	多人雷属性法术	30*N的MP
86	落岩		4226735508	300977089	4	1448022160      0	180555238	-10	1	0	单体土属性法术	30MP
87	泰山压顶	463605150	4249602900	4	0587133534      -3	2017434912	0	3	30	多人土属性法术	30*N的MP
88	水攻		85059369	2415441344	4	0007452289      0	4180877467	-10	1	0	单体水属性法术	30MP
89	水漫金山	2637597442	3867686033	4	1326039389      -3	2536577965	0	3	30	多人水属性法术	30*N的MP
90	烈火		2966154175	1668132272	4	1042954076      0	3507654973	-10	1	0	单体火属性法术	30MP
91	地狱烈火	4223394612	3042874244	4	0780721396      -3	328476341	-10	3	30	多人火属性法术	30*N的MP
92	惊心一剑	472040976	376561149	4	1734233632      2	0		-10	1	0	攻击并扣篮	30MP
93	夜舞倾城        387579012	1832394806	4	2517237236      1	1759845302	-10	1	0	广场舞的杀伤力	等级+10MP
94	死亡召唤        1218594609  	4279125360	4	1939475371      4	0		0	1	0	15%使附加死亡禁锢效果	等级+10MP
95	力劈华山        3633016146  	2223068576	4	0      		0	4281577710	-10	1	0	狭路相逢,强者生存	等级/2+50的MP
96  	剑荡四方	1668746823  	0		4	0      		0	0		0	3	0	小浪涌		10%HP
97	法术防御        893630828	622006923	2	0      		1	0		0	1	0	受到法术伤害-65%	等级+10MP
98	善恶有报        641427651	1898344999	4	0561268351      0	0		0	1	0	不是不报时候未到	等级+10MP
99	壁垒击破	4057305690 	0		4	0084202361      0	0		0	1	0	无视格挡攻击		等级+10MP
100	苍鸾怒击	3329378845 	0		4	1135888269      0	0		0	1	0	物理伤害*200%	等级+10MP
101	迷你空间震	3730346570  	3677229654	4	1448022160      1	2434677025	-10	1	30	无视全部灵力 	等级+10MP
102	大蛇破坏光线	3730346570  	3677229654	4	1966079147      2	838907596	0	2	50	物理伤害*200%	等级+100MP
103	须弥真言	1270009188 	0		7	1	0	须弥圣言,佛光涤罪
104	从天而降	2147444152	0		7	1	0	增加普通攻击时造成的伤害,但有可能腾空失败
105	月光		3408104702	0		4	2517237236      0	685510219	-10	4	0	代表月亮消灭你	等级+10MP
/////////////////////////////////////////////////////
技能数
ID  名字		小头像  大头像	   效果类型    互斥技能  (如果不是被动技能,则代表声音ID)    作用对像 作用对像+1  法术图像
                                             


