167
0 横扫千军		151046561   2967724427		4	2	4		3	0	0			-10	四连击,使用后休息1回合,如果HP低于10%,则无法使用.	5%HP
1 后发制人		3809037555  1112380505		4	4	1		1	0	0			0	下回合,最快无视20%防攻击	无
2 兵器谱		1814276494  4262913816		7	0	2		1	0	0			0	鉴定武器和衣服(右击未鉴定的装备)	无
3 千里神行		13494159    1717996623		0	0	3		1	0	0			0	传送到大唐      5%HP
4 杀气诀		1673396685	1326507976		3	1	0		1	0	2493890284  0	提升命中和伤害	40MP
5 斩龙诀		40028053	1152390271		7	2	5		1	0	0			0	没有被使用	无
6 反间之计		146786390	841319996		4	0	6		1	0	1804814488  -10	让敌人自相残杀	50MP
7 破釜沉舟		1580308746	619017033		4	2	4		3	0	518602860   -10	攻击三个对象伤害提升,使用后需休息1回合   当前5%的血
8 安神诀		3150617611	2204689180		2	1	5		1	0	3635943122  -10 提升法术防御                  30MP
9 嗜血			2341356120	831906636		0	0	1		1	0	0			0	没有被使用	无
10 三星灭魔		1209970630	84450076		7	0	0		1	0	0			0	没有被使用	无
11 五雷咒		3103307429	1116134864		4	0	2		1	0	947658475   -10	单体对鬼造成2倍伤害	30MP
12 飞行符		1788221468	1798664293		0	0	3		1	0	0			0	御纸飞行	无
13 兵解符		1268134129	2026082073		2	0	3		1	0	0			0	从战斗逃离成功率100%	30MP
14 催眠符		3523869082	104771547		4	0	3		1	0	2663408206  0 	使敌人昏睡,无法执行任何指令	40MP
15 失心符		1506622772	3407760722		4	0	3		1	0	152755655   0 	封印法术并降低防御灵力躲避	40MP
16 落魄符		1553239295	2036240644		4	0	3		1	0	1337287235  0 	封魔+降20%命中	40MP
17 失忆符		1562829683	2704552245		4	0	3		1	0	3567923082  0 	封特技	60MP
18 追魂符		1021060099	2404071232		4	0	3		1	0	3556918902  0 	封物理+降防		60MP
19 离魂符		30806		3355342391		4	0	3		1	0	421114130   0 	封魔+降躲避		40MP
20 失魂符		2029120895	2414938178		4	0	3		1	0	2077068224  0 	封魔+降防		60MP
21 定身符		170590832	2539497909		4	0	3		1	0	3729668740  0 	封印物理攻击并降低防御灵力	60MP
22 归元咒		2473529751	3090930843		5	0	4		1	0	1366709986  0 	自己回血	20MP
23 凝神术		3869803971	3077203266		5	0	4		1	0	1366709986  0 	自己回蓝	20HP
24 乾天罡气		3309202999	2018341630		7	0	1		1	0	0			0 	没有被使用	无
25 乙木仙遁		71432172	436091648		0	0	6		1	0	0			0	传送到方寸山	5%HP
26 分身术		2099222596	1436233235		2	1	5		1	0	0			0	增加法术躲避	50MP
27 碎甲符		417555669	3175526110		4	2	3		3	50	2231017381  0	降低多人防御和灵力	100MP
28 落雷符		3476452217	3226830020		4	0	2		3	30	947658475   -10	攻击3个目标,对鬼魂伤害增加	30*N的MP
29 神兵护法		1217133207	3100160960		7	0	5		1	0	0			0	没有被使用	无
30 紫气东来		3576748561	3918273363		7	0	0		1	0	0			0	没有被使用  无
31 唧唧歪歪		1856916618	2374732908		4	0	2		7	25	3240896099  0	子曾经曰过	25*N的MP
32 达摩护体		1415107827	3131800459		7	2	1		1	0	0			0	没有被使用	无
33 金刚护法		479962043	3700736796		3	1	3		6	30	81488906    0	多人加伤害	40的MP
34 韦陀护法		2121060262	2888289425		3	1	3		6	30	0			0	多人加命中	40的MP
35 金刚护体		1377178114	3453377621		3	1	3		6	30	952243307   0	多人加防	30*N的MP
36 一苇渡江		2822966564	1136663058		3	1	3		6	30	4082420920  0	多人加速	40的MP
37 我佛慈悲		1545297145	266298194		3	0	4		1	0	540772211   0	复活加血	150MP
38 推拿			404486915	4289032145		6	0	5		1	0	51617616	0	单体恢复伤势+加血	50MP
39 活血			2432822176	2865439591		6	0	5		1	0	51617616    0	单体加HP	40MP
40 推气过宫		971215069	2227035198		6	0	5		6	30	686176682   0	多人加血	100的MP
41 妙手回春		416089174	2939581056		6	0	5		1	0	3899242890  0	单体恢复伤势	50MP
42 救死扶伤		2043895215	4157454265		6	0	5		6	30	686176682   0	多人回伤+加血	150的MP
43 解毒			1966642136	546423120		3	0	5		1	0	3727996990  0	解毒略回血    30MP
44 佛门普渡		2996697873	3423122163		0	0	6		1	0	0			0	传送到化生寺	5%HP 
45 舍生取义		1135928864	1707332905		3	0	5		1	0	3659707959  -10	HP+100%    150MP
46 佛法无边		2286663605	3100187427		3	0	1		1	0	3355516657  -10	单体加法术连击率	150MP
47 拈花妙指		177955034	2841407500		7	0	3		1	0	0			0	没有被使用	无
48 红袖添香		547746768	1757842178		7	0	1		1	0	0			0	没有被使用  无
49 楚楚可怜		3842255938	952615752		2	1	1		1	0	405595707   -10	自己隐身  100MP
50 满天花雨		2270504354	1714354841		4	3	2		1	0	2640278135  -10	攻击几率中毒     50MP
51 情天恨海		1898550998	2472450541		7	0	2		1	0	0			0	没有被使用	 无
52 莲步轻舞		3508375370	4243867972		7	0	3		1	0	0			0	没有被使用	无
53 如花解语		1912374008	1283470548		7	0	3		1	0	2319038367	0	没有被使用	无
54 似玉生香		2732466496	3524410344		4	0	3		1	0	1187493750  -10	封印物理攻击和法术	50MP
55 娉婷啬		768000231	1404049159		7	0	0		1	0	0			0	没有被使用	无
56 轻如鸿毛		33492847	367093981		7	0	4		1	0	0			0	没有被使用  无
57 百毒不侵		45388430	938983833		7	0	5		1	0	0			0	没有被使用  无
58 移形换影		1369457212	107836297		0	0	6		1	0	0			0	传送到女儿村	5%HP
59 一笑倾城		3266381545	522280593		4	0	1		3	40	2319038367  -10	多人封印法术	60*N的MP
60 飞花摘叶		4065673057	1962869359		7	0	6		1	0	0			0	没有被使用	无
61 雨落寒沙		2465624576	562574867		4	0	2		1	0	0			0	暗器多人攻击  5MP
62 天神护体		2173852985	4200916921		7	0	0		1	0	0			0	没有被使用  无
63 天神护法		4053425914	3750198819		3	1	0		1	0	1935690327  0	战斗中保护同伴	50MP
64 天诛地灭		3016239004	3701201548		7	0	0		1	0	0			0	没有被使用	无
65 知己知彼		196316992	2448181313		7	0	2		1	0	0			0	没有被使用  无
66 宁心			2585090388	1957863037		3	0	3		1	0	3698682735  0	解除自身的负面效果	50MP
67 镇妖			2821624851	251203682		4	2	4		1	0	3835868782  -10	封印特技	50MP
68 错乱			3622268205	4290077259		4	0	4		1	0	3546267729  -10	封印法术	50MP
69 百万神兵		3140668291	4284468319		4	0	5		1	0	2340755185  -10	封印物理攻击	50MP
70 腾云驾雾		1924869232	906709372		0	0	6		1	0	0			0	传送到天宫	5%HP
71 天雷斩		315619009	958381035		4	0	1		3	30	0			-10	对多个敌人攻击	30*N的MP
72 五雷轰顶		4236045895	1825724039		4	0	0		1	0	4292234442  -10 有几率去掉敌人1/4的血	50MP
73 金刚镯		4185507078	1737815847		7	0	5		1	0	0			0	没有被使用	无
74 雷霆万钧		1167105764	2063612274		4	0	0		4	40	4050741445  0 多人法术	35*N的MP
75 浩然正气		3449922467	567769462		7	0	5		1	0	0			0	没有被使用	 无
76 掌心雷		763772202	1576485465		7	1	6		1	0	1965319383  0	没有被使用	无
77 解封			2555181368	1807191850		3	0	0		1	0	3698682735  0	解封                80MP
78 清心			22613468	3563353856		7	0	0		1	0	0			0	没有被使用	无
79 龙腾			2093346600	3650312562		4	0	3		1	0	1936174863  -10	单体水属性法术                   50MP
80 龙卷雨击		201672841	842454497		4	0	2		7	25	0			0	群体水/雷属性法术                25*N的MP
81 逆鳞			1493556934	3804853170		2	1	3		1	0	81488906    0	提升伤害	10MP
82 乘风破浪		90073709	3228417140		7	0	5		1	0	0			0	没有被使用	无
83 水遁			596614171	2671300567		0	0	6		1	0	0			0	传送到龙宫	5%HP
84 龙吟			1318499395	2137943042		4	0	6		10	0	0			0	全体固定伤害并打蓝          50MP
85 龙啸九天		3644673853	2124753589		7	0	6		1	0	0			0	没有被使用	无
86 龙附			2888970157	1784954158		7	0	4		1	0	0			0	没有被使用  无
87 神龙摆尾		1562612473	2539345287		7	0	1		1	0	0			0	没有被使用  无
88 二龙戏珠		1266218218	630766288		4	0	0		2	0	908468230   0	双体法术	100MP
89 日月乾坤		3902929414	3489253938		4	0	2		1	0	2802651747  -10	封印物理攻击和法术和特技	50MP
90 炼气化神		2394667501	1686425132		3	1	3		2	120	910697598   0	持续回蓝	30HP
91 生命之泉		1093047199	2757069702		3	1	3		6	30	3537672915  0	持续回血	35*N的MP
92 太极生化		1665649019	1661704448		7	0	4		1	0	0			0	没有被使用	无
93 斗转星移		2019188530	655674701		0	0	6		1	0	0			0	传送到五庄观	5%HP	
94 三花聚顶		3813527840	3150915326		2	0	5		1	0	2002768611  0	自身加蓝            30HP
95 驱魔			1284415330	656352481		7	0	0		1	0	0			0	没有被使用	 无
96 驱尸			1226417381	546827248		7	0	0		1	0	0			0	没有被使用	无
97 烟雨剑法		3124546025	3643055813		4	0	1		2	0	0			0	连击,气血低于10%时无法使用	50MP
98 飘渺式		3268745174	3398385178		4	0	1		3	30	0			0	多人物理攻击	无
99 天地同寿		4224047219	0				7	0	2		1	0	0			0	没有被使用  无
100 乾坤妙法	1736041428	3294906395		7	0	6		1	0	0			0	没有被使用  无
101 一气化三清	4257500096	2501870432		7	0	5		1	0	0			0	没有被使用  无
102 普渡众生	688650727	3407231441		3	1	4		2	120	804734328   -10	持续回血  50MP
103 紧箍咒		1573115441	956876360		4	2	2		1	0	1417725769  10	单体掉血和上限	50MP
104 杨柳甘露	3757213330	794491517		3	0	2		1	0	939734977   -10	单体复活加血			150MP
105 日光华		2064123225	877019458		4	0	3		5	35	1170905363  0	群体光属性伤害             50MP
106 靛沧海		2679663466	1783445565		4	0	3		5	35	1818198902  -10	群体水属性伤害             50MP
107 巨岩破		3218559640	3817801025		4	0	3		5	35	3746315235  -10	群体土属性伤害              50MP
108 苍茫树		1228860567	2355974251		4	0	3		5	35	2630577796  0	群体木属性伤害	50MP
109 地裂火		4132171079	75104423		4	0	3		5	35	417414121   -10	群体火属性伤害              50蓝
110 坐莲		2462764859	3850121742		0	0	6		1	0	0			0	可以传送到普陀山	无
111 五行错位	322760356	3739244200		7	0	5		1	0	0			0	没有被使用	无
112 灵动九天	2299324564	1921901005		3	1	6		5	35	2875043410  0	群体加灵                 100MP
113 颠倒五行	1849998950	3616521026		3	1	0		1	0	1510462730  0	增加法术吸收率	80MP
114 莲华妙法	4050867699	2277699794		7	0	1		1	0	0			0	没有被使用		无 
115 自在心法	1199130784	3420028880		3	0	0		1	0	0			0	将普渡众生的回合数用完	无
116 阎罗令		2806354228	3446923388		4	0	2		7	25	2662404697  -10	群体多人固定伤害并致伤            20*N的MP
117 判官令		1671969153	3702239149		4	0	3		1	0	605841034   0	单体,固定伤害+打蓝          30蓝
118 勘察令		4073909039	2150653771		7	0	0		1	0	0			0	鉴定项链,头盔,鞋,腰带(右击未鉴定的装备)	无
119 寡欲令		653757983	482656655		3	0	0		1	0	3698682735  0	解封                50MP
120 幽冥鬼眼	1975607386	2807639015		3	1	4		7	25	132076234   0	多人感知状态	50MP
121 冤魂不散	3587078621	376661686		7	0	4		1	0	0			0	没有被使用	无
122 尸腐毒	49094427	2328293467		4	3	5		1	0	2224965883  -10	对手中毒并给己方回血	40MP
123 修罗隐身	557290721	3076118166		3	1	5		1	0	3128777943  0	单体隐身	150MP
124 杳无音讯	2049632078	739072521		0	0	6		1	0	0			0	可以传送到地府	5%HP
125 还阳术		2874709055	485361049		3	1	3		1	0	939734977   -10	复活加伤害	150MP
126 黄泉之息	3536984715	1893059881		4	2	2		5	35	258513474   -10	降低敌方多人速度           80MP
127 魂飞魄散	1594584941	2719875429		4	0	1		2	120	1319556287  0	驱散目标的良性状态         80MP
128 尸气漫天	3830562709	3540479557		7	0	6		1	0	0			0	没有被使用	无
129 锢魂术		1727365486	784403165		4	4	2		1	0	1543533550  0	单体死亡召唤状态	50MP
130 魔王护持	937481251	3778438121		7	0	0		1	0	0			0	没有被使用	无
131 飞砂走石	706133968	746568918		4	0	2		5	35	0			0	群体土属性伤害              30*N的MP
132 三昧真火	626159438	290397996		4	0	2		1	0	4242328812  -10	单体火属性伤害	30MP
133 针插劲		3521936089	1080213476		2	1	3		1	0	0			0	提升法术伤害力	50MP
134 踏山裂石	4060498152	2813097952		7	0	3		1	0	0			0	没有被使用	  无
135 无敌牛虱	3889342201	901977927		7	0	4		1	0	0			0	没有被使用	 无
136 无敌牛妖	526953932	2771934779		7	0	4		1	0	0			0	没有被使用	 无
137 魔王回首	995890213	3043919056		7	0	5		1	0	0			0	没有被使用	 无
138 牛屎遁		2481624731	668274006		0	0	6		1	0	0			0	可以传送到魔王寨	5%HP
139 火甲术		2418820008	3223806685		7	0	6		1	0	0			0	没有被使用	 无
140 摇头摆尾	3051115375	1777991632		7	0	1		1	0	0			0	没有被使用	无
141 象形		3175084157  108912467		4	0	1		1	0	0			0	攻击单人并令其下回合无法行动,变身取消(需要变身)	30MP
142 鹰击		3219722580  1443303401		4	4	1		6	30	0			0	攻击对方多人,使用后一回合内无法使用法术(需要变身)		30*N的MP
143 狮搏		3700481839  1627374280		4	0	1		1	0	0			0	伤害提升攻击(需要变身)                 30MP
144 威慑		81423983    894640149		4	2	2		1	0	2222331931  0	使对手进入恐惧状态                  40MP
145 变身		4282403049  3667711762		2	4	0		1	0	702028255	0	提高伤害力            20MP
146 魔兽啸天	950759216   1124928283		7	0	0		1	0	0			0	没有被使用	无
147 定心术		3988224797  99592343		2	1	4		1	0	1450033395  0	提升灵力	40MP
148 连环击		3608703815  673541382		4	0	4		6	30	0			0	连续攻击,使用后一回合内无法使用法术(需要变身)	150MP
149 振翅千里	3512079122  4160807473		0	0	5		1	0	0			0	可以传送到狮驼岭	5%HP
150 极度疯狂	363599535   2884919862		2	1	6		1	0	380796924   0	自身反击                    30MP
151 魔息术		3643037170  787252900		7	0	2		1	0	0			0	没有被使用	无
152 天魔解体	2713209956  2477360209		2	0	1		1	0	822452251   0	自身加气血上限	50MP
153 神力无穷	3809438015  3884615585		7	0	5		1	0	0			0	没有被使用	无
154 勾魂		3333121941	802455732		4	0	2		1	0	2969420210  0	减少对方气血,恢复自身气血	40MP
155 摄魄		2754572873	103370656		4	0	2		1	0	1204195587  0	减少对方魔法,恢复自身魔法	40MP
156 魔音摄魂	32064057	1554838399		4	2	3		1	0	2015653860  0	令对手一定回合内无法恢复MP,HP和疗伤	35MP
157 盘丝舞		2082714040	382164728		7	0	0		1	0	0			0	没有被使用		无
158 夺命蛛丝	227632678	3268216546		7	0	0		1	0	0			0	没有被使用	   无
159 含情脉脉	4111305818	2589491420		4	0	1		1	0	1399041837  -10	封印物理攻击和法术	40MP
160 盘丝阵		2395356970	1769215086		2	1	4		1	0	0			0	自身提升物理防御	50MP
161 复苏		141266175	2870523056		2	0	4		1	0	3698682735  0	自身解除封印和异常	30MP
162 天罗地网	1653509465	1457394081		4	0	3		3	30	2403234773  0	群体无属性伤害+封物理        30*N的MP
163 天蚕丝		1283246148	1806917376		0	0	5		1	0	0			0	可以传送到盘丝岭	5%HP
164 姐妹同心	42398851	502149406		4	0	6		1	0	0			0	吸蓝	60MP
165 瘴气		3039047760	3862934535	7	0	1		1	0	0			0	没有被使用	无
166 幻镜术		1134668132	605963427	2	1	5 		1	0	0			0	反弹受到的法术伤害	80MP

ID  名字     头像大 	 头像 小  技能  效果 位置		对像数 对象数+1 法术图像   法术位置    延迟  
								  类型	类型
//师门技能类型
0  只有平时可用 只能对自己使用
1  只有平时可用 能对我方使用
2  只有战斗可用 只能对自已使用
3  只有战斗可用 对我方使用
4  只有战斗可用 对敌人使用
5  平时战斗都可用 对自已使用
6  平时战斗都可用 对我方使用
7  被动
8  未定义
9  只有战斗可用,对我方使用,但不能对自己使用

//效果类型
0  无效
1  封印
2  增益
3  负面效果
4  毒

