162
0  巨蛙			3	1 5   	    900 	500  	1500 	1000 	1000  	800    	55      3       20 	88 	 62
1  大海龟		3	1 0   	    800 	500  	2000   	800 	500   	500     55 	3       61  	37  	 73
2  护卫			3	1 5   	    900  	1000 	2000 	1000 	1000 	800     60   	2       0   	29
3  树怪			3	1 5   	    900   	1200	2400 	1200 	300  	0  	60   	3       62  	37  	 61
4  赌徒			4	1 5   	    1000  	900  	1500  	800  	1000  	1000  	55   	1	53         
5  强盗			4	1 15  		1100	1000	2300	1000	1000	1000	65	3	90 	35	53
6  海毛虫		3	1 5   		1200	700	1500	900	1200	800	60	4	23	2	41	62	
7  大蝙蝠		3	1 5  		1100	1000	2000	900	1200	1000	60	3	10	4	6
8  山贼			4	1 5 		1100	1000	2000	900	1000	1000	60	2	29	53
9  野猪			3	1 5			1200	1200	3000	800	1100	1200	60	3	35	23	62
10 骷髅怪		5	1 15		1300	1400	2000	1000	1000	1000	60	2	45	65
11 羊头怪		3	1 15		1300	1300	2000	1100	1000	1000	60	3	23	6	25	
12 蛤蟆精		3	1 15		1300	1200	2300	1000	1100	1000	65	2	23	41
13 老虎			3	1  25		1400	1200	2800	1000	1200	1200	70	4	23	35	16	39
14 黑熊			3	1  25		1200	1300	3000	1000	800	800	70	4	23      37	16	61
15 花妖			3	0  25   	700	1200	2200	1200	1000	500	70	3	20	88	16
16 牛妖			3	1  25		1300	1200	3000	1100	1000	1000	70	2	90	0
17 小龙女		2	0 25		1300	1500	3500	2000	1200	1300	100	4	88	21	77	73	
18 野鬼			5	1 25		1100	1200	2500	1200	800	800	70	4	10	45	62	65
19 狼			3	1 25		1300	700	2000	800	1300	1300	80	5	10	6	23	33	39
20 虾兵			3	1  35		1200	1200	2500	1100	1000	1000	80	3	23	29	72
21 蟹将			3	1  35		1300	1300	3000	1100	1200	100	80	3	7	29	72
22 龟丞相		3	1 35		500	1300	3500	1200	800	500	85	5	37	18	89	88	72
23 兔子怪		3	1 35		1200	1000	2300	1000	1400	1400	90	3	25	33	14
24 蜘蛛精		3	0 35		1200	1000	2500	1100	1100	1200	95	2	41	7	
25 黑熊精		3	1 35		1400	1300	3500	1000	800		1000	90	2	36	65
26 僵尸			5	1 35		1100	1200	4000	1000	700		200		80	6	45	4	16	41	65	62
27 牛头			5	1 35		1100	1200	3800	1100	1000	1000	80	4	45	23	10	29	
28 马面			5	1 35		1300	1100	3800	1100	1000	1000	80	3	45	23	10	
29 雷鸟人		3	1 45		1000	1200	3000	1700	1000	1000	80	4	8	84	85	66
30 蝴蝶仙子		2	0 45  		1200	1000	2400	2500	1000	1000	95	4	8	47	6	43
31 古代瑞兽		2	1 45  		1000	1200	2800	2000	1200	1100	95	3	27	87	43
32 白熊			3	1 45		1200	1400	4000	1000	1000	1000	95	4	0	23	61	35
33 黑山老妖		3	1 45  		1200	1200	3000	1300	1100	1000	100	2	4	10
34 天兵			2	1 55		1200	1200	3000	1300	1200	1200	100	3	23	37	43
35 天将			2	1 55		1300	1200	3000	1200	1200	1200	100	4	35	23	6	43
36 地狱战神		3	1 55  		1300	1000	3200	1500	1000	800	100	3	7	86	2
37 风伯			2	1  65		1000	1200	3300	2000	1400	1400	110	4	89	33	20 	70
38 凤凰			2	0  65		1200	1300	4000	2800	1300	1200	115	4	71	91	50	9
39 蛟龙			2	1  65   	1300	1300	4000	2700	1300	1000	115	4	89	73	8	77
40 雨师			2	1  65		1200	1000	3200	2000	1300	1200	110	3	89	73 	20
41 如意仙子		2	0 75		1300	1200	3400	2000	1200	1200	115	4	85	6	20	33
42 芙蓉仙子		2	0 75		1400	1200	4000	2400	1300	1200	115	4	16	6	23	8
43 巡游天神		2	1 75		1400	1200	4500	1500	1200	1200	115	2	24	29
44 星灵仙子		2	0 75		1100	1300	4000	2600	1200	1000	115	4	85	19	67	8	
45 幽灵			5	1  95		1200	1400	4000	2000	1300	1200	115	4	46	65	41	12
46 鬼将			5	1  105		1500	1200	3800	1800	1200	1200	115	3	24	46	92
47 吸血鬼		5	1 95		1300	1300	4000	1300	1100	1200	115	4	4	11	63	45
48 净瓶女娲		2	0 105		1400	1400	4300	2000	1300	1300	120	4	7	21	19	85
49 律法女娲		2	0 95 	1400	1300	4100	1700	1400	1400	120	4	6	23	98	0
50 灵符女娲		2	0 95 	1000	1300	4200	2700	1200	1100	115	3	91	55	57
51 大力金刚		2	1 125 	1500	1400	5000	2000	1200	1200	120	3	95	38	24
52 雾中仙		0	0  125 	1200	1400	4500	3000	1100	1500	125	7	87	91	85	56	57	21	50	
53 灵鹤			2	0 125  	1300	1300	4000	2800	1300	1400	120	4	9 	21	19	85
54 夜罗刹		3	0 125		1400	1300	4400	2300	1400	1400	120	4	7	23	11	33
55 炎魔神		3	1 125		1300	1300	4300	2700	1200	1200	120	3	91	71	24
56 噬天虎		3	1 125		1500	1400	4800	2500	1400	1300	120	3	24	7	17	
57 野猪精		3	1 85	 	1300	1200	3000	1800	1200	1100	110	3	16	23	29	
58 鼠先锋		3	1 85		1100	1100	2300	2500	1400	1500	115	2	87	34
59 百足将军		3	1 85		1400	1300	3000	1700	1200	1200	110	3	7	23	41
60 踏云兽		3	1  135		1500	1400	5000	2000	1200	1200	120	3	24	17	76
61 红萼仙子		2	0 135 	1400	1400	4800	3000	1400	1400	125	4	21	7	19	85
62 龙龟			2	1  135 	1300	1500	5500	2700	1000	800	120	5	97	38	77	61	73	
63 阴阳伞		6	1 95 	1300	1300	4000	2000	1300	1400	110	6	75	7	54	62	11	52
64 机关兽		6	1 145 	1400	1200	4000	2000	1300	1400	110	7	76	23	25	54	62	11	52
65 机关鸟		6	1 145 	1300	1300	4000	2000	1400	1300	110	6	8	54	62	7	11	52
66 机关人		6	1 145 	1400	1200	4000	2000	1300	1200	115	5	11	54	62	24	52
67 连弩车		6	1 145	1400	1300	4000	2000	1200	1000	115	5	11	54	62	7	52
68 巴蛇			6	1  145	1500	1200	4000	2000	1400	1400	115	7	11	54	62	7	52	42	76	
69 蚌精			3	0  65 	1100	1300	2400	2300	800	0	110	4	89	38	18	73
70 鲛人			3	1  65 	1300	1200	2800	1700	1200	1200	110	3	6	72	74
71 碧水夜叉		3	1 65  	1300	1400	2400	1700	1200	1200	100	2	99	85
72 锦毛貂精		3	1 75  	1000	1300	2000	2500	1400	1400	110	3	87	34	21
73 千年蛇魅		3	0 75  	1300	1200	2400	1800	1200	1200	110	4	42	39	47	23	
74 犀牛将军		3	1 85    1400	1200	3000	1900	1200	1100	110	3	29	0	23
75 犀牛将军		3	1 85  	1000	1200	3000	2400	1200	1100	110	3	87	57	59
76 机关人		3	1 145 	1400	1200	4000	2000	1300	1200	115	5	11	54	62	33	52	
77 葫芦宝贝		2	1 135 	1100	1200	3000	2500	1300	1300	120	4	67	69	71	73
78  猫灵		1	0 155     1500 	 1500 	5000  	4000 	 1700	 1700  130    6    34     7   11    24   26  40  
79  猫灵		1	0 155  	1300	1400	4000	2400	1500	1900	120	3	 24   26   11
80  狂豹		1	1 155      1500	1400	5500	2400	1700	1900	120     3     34   40   36
81  狂豹		1	1 155  	1600	1500	5000	2700	1500	1600	130	5	24	15	95	40	36
82  蝎子精		1	0 135 	1600	1500	5500	3800	1400	1500	130	4	42	24	30	12
83  混沌兽		2	1 155 	1000	1600	6000	4000	1100	1000	130	9	17	3	30	32	97	73	71	69	67
84  超级人参娃娃	3	1 75    1400	1400	7000	3000	1300	1000	110	5	69	58	87	21	17
85  画魂		5	0  105 	1100	1500	3000	2700	1000	1000	110	4	46	48	91	31
86  长眉灵猴	3	1 155  	900		1000	3000	2800	1000	800	110	4	43	57	55	87	
87  巨力神猿	3	1 155  	1400	1200	3000	1200	1300	1300	110	4	23	36	30	0
88 修罗傀儡鬼	5	1 155 	1700	1500	7000	2400	1500	1500	130	6	1	30	36	40	46	93
89 藤蔓妖花		1	0 155 1400	1700	8000	4200	1200	1000	135	6	56	58	60	87	17	79
90 蜃气妖		1	1 155 1600	1400	7000	3000	1400	1400	130	5	80	75	74	7	24
91 修罗傀儡妖	3	0 165 	1700    1500	8000	4000	1500	1500	130	5	30	32	99	40	46
92 金身罗汉		2	1 165   	1500	1800	8000	3000	1300	1400	130	8	17	38	50	80	67 69 71 73 
93 曼珠沙华		1	0 165  	1500	1700	8000	4500	1400	1500	130	8	3	48	56	58	89	1	42	19
94 超级泡泡		2	0  0 1700	1500	7000	3000	1500	1200	150	5 7 1 23 26 38
95 超级大熊猫	2	1  	0 1300	1000	6000	2000	1200	1200	120	5	0	6	16	24	29
96 超级金猴		2	1 0  1500	1300	7000	2000	1200	1200	110	0
97 超级大象		2	1  0 1500	1300	7000	2000	1200	1200	130	2 17 1
98 超级白泽		2	1 0  1500	1300	7000	2000	1200	1200	100	5  3 5 17 24 7
99 超级灵鹿		2	1 0  1700	1500	7000	2000	1200	1200	140	0
100 超级赤焰兽	2	1 0  1500	1300	7000	2000	1200	1200	140	6 71 56 48 91 58 17
101 超级大鹏	3	1 0  1500	1300	7000	2000	1200	1200	130	3 71 9 34
102 善财童子	3	1  300  1500	1300	7000	2000	1200	1200	120	0
103 超级筋斗云	2	1  0  	1400	1500	7000	2000	1200	1200	120	5 9 17 26 32 38
104 超级神牛	2	1 0 	1500	1300	7000	2000	1200	1200	130	0
105 超级神虎	2	1 0 	1500	1300	7000	2000	1200	1200	110	0
106 超级海豚	2	1 0 	1500	1300	7000	3500	1200	1200	130	7 74 89 73 34 52 56 48
107 超级神兔	2	1 0 	1500	1300	7000	2500	1600	1600	135	7 1 7 15 24 40 5 17
108 小毛头		4	1 100  	1500	1300	7000	2000	1200	1200	100	0
109 小丫丫		4	0 100  	1500	1300	7000	2000	1200	1200	100	0
110 小仙灵		2	1 100  	1500	1300	7000	2000	1200	1200	100	0
111 小仙女		2	0 100  	1500	1300	7000	2000	1200	1200	100	0
112 小精灵		3	0 100  	1500	1300	7000	2000	1200	1200	100	0
113 小魔头		3	1 100  	1500	1300	7000	2000	1200	1200	100	0
114 孙悟空		3	1 100  	1800	1600	7000	3000	1400	1200	140	2 24 7
115 沙和尚		3	1 100  	1500	1300	7000	2000	1200	1200	120	1 73  
116 蚩尤		1	1 100  	1800	1700	15000	4000	1500	1500	140	15 1 3 5 7 9 11 13 15 17 24 28 32 36 44 76
117 猪八戒		2	1  100 	1500	1300	7000	2000	1200	1200	120	0
118 狐狸精		3	0  15 	1100	1300	3000	1500	1300	1200	80	4   10  15   18  65
119 知了王		1	1 300  	1500	1300	7000	2000	1200	1200	100	0
120 泡泡		3	1  0 	1300	1300	4000	2000	1200	1200	100	4   0   6    25  37 
121 赛太岁		1	1 100  	1500	1300	7000	2000	1200	1200	100	0
122 周杰伦		4	1 100  	1500	1300	7000	2000	1200	1200	100	0
123 超级神龙		2	1 300  	1500	1600	7000	2000	1200	1200	100	6   7   48   50 78  89 58 
124 章鱼		3	1 15 	1500	1300	7000	2000	1200	1200	100	4   6	4   72	62
125 小浣熊		3	1 15 	1500	1300	7000	2000	1200	1200	100	4   23  29  25  39
126 海星		3	1 15  	1500	1300	7000	2000	1200	1200	100	4   72	62  88  2
127 火星人		3	1 100  1500	1300	7000	2000	1200	1200	100	0
128 转轮王		2	1 100  1500	1300	7000	2000	1200	1200	100	1 44
129 九头精怪	1	1 100  1500	1300	7000	2000	1200	1200	110	1 2
130 腾蛇		3	1 115  1500	1300	7000	2000	1200	1200	110	1 42
131 东海龙王	2	1 100  1500	1300	7000	2000	1200	1200	110	1 73
132 孙婆婆		4	0 100  1500	1300	7000	2000	1200	1200	110	1 42
133 牛魔王		3	1 100  1500	1300	9000	2000	1200	1200	110	2 71 36
134 镇元大仙	2	1 100  1500	1300	7000	2000	1200	1200	110	1 25 
135 菩提祖师	2	1 100  1500	1300	7000	2000	1200	1200	100	1 44
136 白晶晶		3	0 100  1500	1300	7000	2000	1200	1200	100	2   5  11
137 幽萤娃娃	3	0 105  	1500	1300	7000	2000	1200	1200	100	1 6
138 李靖		2	1 100 	1500	1300	7000	2000	1200	1200	100	0
139 程咬金		4	1 100 	1500	1300	7000	2000	1200	1200	100	2   36 24
140 地藏王		2	1 100 	1400	1400	7000	2000	1200	1200	100	1 44
141 观音姐姐	2	1 100	1500	1500	7000	2000	1200	1200	100	2 50 17
142 空度禅师	4	1 100	1000	1400	7000	3000	1200	1200	110	0
143 大大王		3	1 100  1500	1300	7000	2000	1200	1200	110	2 24 36
144 啸天犬		2	1 100  1500	1300	7000	2000	1200	1200	110	2 34 4
145 地涌夫人	3	0 100  1500	1300	7000	2000	1200	1200	110	0
146 二郎神		2	1 100  1500	1300	7000	2000	1200	1200	110	1 7
147 烟花占卜师	4	1 100  1500	1300	7000	2000	1200	1200	110	1 5
148 巫奎虎		4	1 100  1500	1300	7000	2000	1200	1200	130	2 7 42
149 超级玉兔	2	0 0  	1500	1300	7000	3000	1200	1200	100	0
150 超级孔雀	2	1 0  	1500	1400	7000	2000	1200	1200	120	2 9 50
151 超级灵狐	2	1 0  	1500	1300	7000	2000	1200	1200	140	3 34 28 56
152 超级神蛇	2	1 0  	1800	1500	7000	3000	1000	1200	140	5  24 56 78  3 102
153 超级神马	2	1 0  	1500	1300	7000	2000	1200	1200	100	1 34
154 超级青鸾	2	1 0  	1500	1300	7000	2000	1200	1200	100	5 13 9 24 100 40
155 超级麒麟	2	1 0  	1500	1300	7000	2000	1200	1200	130	1 38
156 九色鹿 	2 	0 100 	1500 	1300 	7000 	2000 	1200 	1200 	100 	1 49
157 持国巡守	2	1 175  	1500	1500	7000	2000	1200	1200	135	2	85	103
158 超级神羊	2	1 0  	1500	1300	7000	2000	1200	1200	100	0
159 六耳猕猴	2	1 0  	1500	1300	7000	2000	1200	1200	100	2 7 1
160 毗舍童子	2	1 175  	1500	1500	7000	2000	1200	1200	135	4	4	6	23	77
161 真陀护法	2	1 175  	1500	1500	7000	2000	1200	1200	135	4	4	6	23	81
ID 名字	种族 性别  携带等级      攻     防        体     法      速      躲    成长   技能数  技能ID   
