203 125 2 400 
0 7 0 0 1 4 2 3 5 6 9 7 8 10 11 12 13 14 15 16 17 18 19 
1 0 100 0  1  4 2 4 3 0  0  0  0 狼宝无双
篮子 2256
2256  2256 0 0 2256
862
 862 0 0 862
150
150
125
 1910 1400 5300 1250 1350 1503 160  4 0 0 0 1 0 653 145 145 145 272
 2685 0 12 2398
 1666 0 0 1666
 1045 0 0 1045
 665 0 0 665
 400 0 0 400
 272 0 0 272
183922623 4766552 14 100 100
8
99 95 17 40 80 46 24 7 
 0 0 0 0 1  0  0  0 
0 0 0 0 0 0 0 0 0 0 0 0 0 
20 0 0 0 625 0 625 0 0 70 70 0 1 2 5 0 0
100 0 70 20 50 0 0 0 0 0 130 0 85 0 0 0 16 0 0 0 100 70 0 70 0 0 0 0 0 0 100 15 174 30 0 50 0 0 0 0 0 0 0 0 0 0 0 0 170 0 0 0 100 30 0 30 0 0 0 0 0 0 5 0 0 0 0 0 81 0 0 0 0 0 0 0 0 0 0 0 0 0 0 0 0 0 45 0 0 0 0 0 0 0 0 0 0 0 0 0 0 0 0 0 0 0 0 0 0 0 0 0 0 0 0 0 0 0 


0 0 0 0 0 0
6 0 0 0 70 70 1 0 
0 
1005 30640880 0 1462726 0 625 0 625 150
 0 0 0 0 0 0 0 0
 0 0 0 0 0 0 0 0
-1 -1 -1 -1 -1 29 
3 163 160 161 
 1 40 50 0 0  1 1 12 0 10 5 -1 12 29 -1 2 0 415 1 325  1 41 40 0 0  1 29 0 0 0  1 29 12 0 0  1 29 7 0 0  1 27 7 0 0  1 29 0 0 0  1 41 69 0 0  1 29 3 0 0  1 29 8 0 0  1 41 83 0 0  1 29 7 0 0  0  0  12 22 7 0 0  11 22 23 0 0  26 23 0 0 0  0  0  0  0  0  0  0  0  0  0  0  0  0  0  0  0  0  0  0  0  0  3 41 41 0 0  0  0  0  0  0  0  0  0  0  0  0  0  0  0  0  0  0  1 24 11 1 凌宵宝殿 3 0 36 31  1 24 16 0 1 0  1 24 4 0 1 0  1 15 9 0 12 6 -1 12 29 -1 3 2 54 3 110 0 48  1 19 15 0 8 0 -1 12 43 -1 1 4 118  1 0 13 0 10 7 -1 12 43 -1 2 0 471 1 360  1 17 9 0 8 0 -1 12 29 -1 1 2 164  1 20 15 0 10 0 -1 12 43 -1 2 2 55 6 202  1 21 9 0 10 0 29 12 43 -1 2 2 59 5 33 3
4
101
6  0 0 0 海毛虫
海毛虫 159
159  159 0 0 159
50
 50 0 0 50
0
150
10
 1267 712 1556 962 1240 852 60  4 0 1 0 0 0 80 30 30 40 30
 92 0 0 92
 160 0 0 160
 40 0 0 40
 76 0 0 76
 37 0 0 37
 30 0 0 30
0 3045 3 0 100
4
23 2 41 62 
 0 1 1 0 0  0  0  0 
0 0 0 0 0 0 0 0 0 0 0 0 0 
0 0 0 0 50 0 50 0 0 0 0 0 0 2 0 0 0
0 0 0 0 10 0 0 0 0 0 0 0 0 0 0 0 0 0 0 0 0 0 0 0 0 0 10 0 0 0 0 0 0 0 0 0 0 0 0 0 0 0 0 0 0 0 0 0 0 0 0 0 0 0 25 0 0 0 30 0 0 0 0 0 0 0 0 0 0 0 0 0 0 0 0 0 0 0 0 0 0 0 0 0 0 0 0 0 0 0 0 0 0 -30 0 0 0 0 0 0 0 0 0 0 0 0 0 0 0 0 0 0 0 0 0 0 0 0  0 0 


101
120  0 0 0 泡泡
泡泡 2611
2611  2611 650 65 1189
872
 872 0 65 529
150
150
65
 1361 1310 4032 2041 1268 1297 103  4 0 1 0 0 0 355 85 85 150 85
 674 0 0 674
 710 0 0 710
 327 0 5 312
 328 0 0 328
 107 0 0 107
 85 0 0 85
2133150 680414 3 0 100
4
0 6 25 37 
 0 1 0 1 0  0  0  0 
65 65 65 0 0 0 0 0 0 0 0 0 0 
0 0 0 0 325 0 325 0 0 0 0 0 0 2 0 0 0
0 0 0 0 0 -10 0 -10 0 0 0 0 20 0 0 0 0 0 0 0 0 0 0 0 0 0 0 0 0 0 0 0 0 0 0 0 0 0 0 0 0 0 0 0 0 0 0 0 0 0 0 0 30 0 0 0 0 0 0 0 0 0 0 0 0 0 0 0 0 0 0 0 0 0 0 0 0 0 0 0 0 0 0 0 0 0 0 0 0 0 0 0 0 0 0 0 0 0 0 0 0 0 0 0 0 0 0 0 0 0 0 0 0 0 0 0 0 0  0 0 


101
31  0 0 0 古代瑞兽
古代瑞兽 5048
5048  5048 980 98 2055
2405
 2405 0 98 1215
150
150
98
 1103 1212 3123 2090 1208 1232 103  0 0 1 4 0 0 118 118 518 218 118
 632 0 0 632
 571 0 0 571
 543 0 0 543
 618 0 0 618
 171 0 0 171
 118 0 0 118
44047778 2307387 2 0 100
3
27 87 43 
 0 1 0 1 0  1 32 5 0 10 0 -1 -1 -1 -1 2 1 335 0 133  1 33 5 0 10 0 -1 -1 -1 -1 2 5 29 4 21  1 34 5 0 10 0 -1 -1 -1 -1 2 2 107 6 402 
98 98 98 0 0 0 0 0 0 0 0 0 0 
0 0 0 0 490 0 490 0 0 10 0 0 1 2 0 0 0
0 0 0 0 0 0 0 0 0 0 0 0 0 0 0 0 0 0 0 0 0 0 0 0 0 0 0 0 0 0 0 0 0 0 0 0 0 0 0 0 0 0 0 0 0 0 0 0 0 0 0 0 0 0 0 0 0 0 0 0 0 0 0 0 0 0 0 0 0 0 0 0 0 0 0 0 0 0 0 0 0 0 0 0 0 0 0 0 0 0 0 0 0 0 0 0 0 0 0 0 0 0 0 0 0 0 0 0 0 0 0 0 0 0 30 0 0 0  0 0 


101
44  0 0 0 星灵仙子
星灵仙子 8415
8415  8966 1350 135 3241
4728
 5005 0 135 2130
150
150
135
 1157 1358 4217 2881 1325 1102 120  0 0 1 4 0 0 165 155 695 290 155
 953 0 0 953
 887 0 0 887
 869 0 0 869
 939 0 6 886
 250 0 0 250
 155 0 0 155
44390185 5997145 2 0 100
4
85 19 67 8 
 0 1 0 1 0  1 32 9 0 10 0 -1 15 30 -1 2 1 557 0 209  1 33 9 0 10 0 -1 15 30 -1 2 5 45 4 37  1 34 10 0 10 0 -1 15 30 -1 2 2 198 6 584 
135 135 135 0 0 0 0 0 0 0 0 0 0 
0 20 0 0 675 0 675 0 0 0 0 0 1 2 0 0 0
0 0 0 0 0 0 0 0 0 0 0 0 0 0 0 0 0 0 9 0 10 10 0 0 0 0 0 0 0 0 0 0 0 0 0 -30 0 0 0 0 0 0 0 0 0 0 0 0 0 0 0 0 0 0 0 0 0 0 0 0 0 0 0 0 0 0 0 0 0 0 0 0 0 0 0 0 0 0 0 0 0 0 0 0 0 0 0 0 0 0 0 0 0 0 0 0 0 0 0 30 0 0 0 0 0 0 0 0 0 0 0 0 0 0 0 0 0 0  0 0 


0 0 -1  0  0 0 
163 -1 -1 -1 -1 -1 -1 -1 

1 0 100 4  1  4 2 5 6 0  0  0  0 小胖手
小胖手 9306
9306  9306 990 163 3162
3114
 3114 0 99 1565
16
150
125
 1870 1535 9350 2905 1635 1135 153  5 0 0 0 0 0 778 145 149 155 145
 3463 0 0 3463
 3386 0 0 3386
 1377 0 10 1252
 875 0 0 875
 388 0 12 347
 145 0 0 145
0 4766552 3 100 100
0

 0 0 0 0 1  0  0  0 
99 99 99 99 0 0 0 0 0 0 0 0 0 
0 0 0 0 625 0 625 0 0 0 0 0 1 2 0 0 0
0 0 0 0 0 0 0 0 0 0 0 0 0 0 0 0 0 0 0 0 0 0 0 0 0 0 0 0 0 0 0 0 0 0 20 0 0 0 0 0 0 0 0 0 0 0 0 0 0 0 0 0 0 0 0 0 0 0 0 0 0 0 0 0 0 0 0 0 145 0 0 0 0 0 0 0 0 0 0 0 0 0 0 0 0 0 0 0 0 0 0 0 0 0 0 0 0 0 0 0 0 0 0 0 0 0 0 0 0 0 0 0 0 0 0 0 0 0 


0 0 0 0 -1 0
4 135 135 135 135 135 135 135 
0 
995 0 0 0 0 625 0 625 16
 8 8 8 8 0 0 0 0
 0 0 0 0 0 0 0 0
-1 35 -1 -1 -1 -1 
9 145 141 142 152 144 81 148 149 150 
 30 22 9 0 0  30 22 16 0 0  30 22 23 0 0  30 22 31 0 0  30 22 42 0 0  30 22 45 0 0  30 22 49 0 0  30 22 56 0 0  900 25 7 0 0  0  0  0  0  0  0  0  0  0  0  0  0  0  0  0  0  0  0  0  0  0  0  0  0  0  0  0  0  0  0  0  0  0  0  0  0  0  0  0  0  0  0  0  0  0  0  0  0  0  0  1 4 12 0 10 8 -1 86 0 -1 2 0 431 1 525  1 15 12 0 14 8 -1 14 0 16 4 2 70 3 128 1 200 0 56  1 19 18 0 8 8 35 14 0 16 1 4 201  1 3 21 0 10 8 -1 86 0 16 2 0 551 1 630  1 17 12 0 8 8 -1 14 0 16 1 2 312  1 20 18 0 10 8 -1 14 0 16 2 2 66 6 572  1 21 12 0 10 8 -1 14 0 16 2 2 66 5 110 1
3
101
85  2 2 0 画魂
画魂 17706
17706  17706 1350 207 5328
5285
 5285 0 135 2249
0
150
135
 1213 1724 3695 2985 1166 1212 117  0 0 1 4 0 0 165 155 775 310 155
 1588 0 0 1588
 2482 0 0 2482
 1669 0 18 1415
 1128 0 0 1128
 518 0 6 489
 155 0 0 155
0 5997145 5 0 100
5
48 46 91 58 55 
 0 1 0 1 0  1 32 13 0 12 8 -1 14 0 16 3 1 802 0 306 4 32  1 33 13 0 10 8 -1 14 0 16 2 5 114 4 49  1 34 13 0 10 8 -1 14 0 16 2 2 248 6 995 
135 135 135 135 0 0 0 0 0 0 0 0 0 
0 0 0 0 675 0 675 0 0 0 0 0 1 2 0 0 0
0 0 0 0 0 0 15 0 0 0 0 0 0 0 20 0 0 0 0 0 0 0 0 0 0 0 0 0 0 0 20 0 0 30 29 0 0 0 0 0 0 0 0 0 0 0 0 0 0 0 0 0 0 0 0 0 0 0 0 0 0 0 0 0 0 0 0 0 0 0 0 0 0 0 0 0 0 0 0 0 0 0 0 0 0 0 0 0 0 0 0 0 0 0 0 0 0 0 0 0 0 0 0 0 0 0 0 0 0 0 0 0 0 0 0 0 0 0  2 2 


101
75  2 2 0 犀牛将军
犀牛将军 18081
18081  18081 1350 207 5450
4718
 4718 0 135 2008
134
150
135
 1057 1269 3273 2414 1321 1139 119  0 0 1 4 0 0 165 155 775 310 155
 1479 0 0 1479
 2332 0 0 2332
 1453 0 18 1232
 1102 0 0 1102
 522 0 6 493
 155 0 0 155
0 5997145 3 0 100
3
87 57 59 
 0 1 0 1 0  1 32 13 0 12 8 -1 14 0 16 3 1 812 0 296 4 32  1 33 13 0 10 8 -1 14 0 16 2 5 107 4 47  1 34 13 0 10 8 -1 14 0 16 2 2 221 6 1035 
135 135 135 135 0 0 0 0 0 0 0 0 0 
0 0 0 0 675 0 675 0 0 0 0 30 1 2 0 0 0
0 0 0 0 0 0 10 0 0 0 0 0 0 0 0 0 0 0 0 0 0 0 0 0 0 0 0 0 0 0 0 0 0 0 29 0 0 0 0 0 0 0 0 0 0 0 0 0 0 0 0 0 0 0 0 0 0 0 0 0 0 0 0 0 0 0 0 0 0 0 0 0 0 0 0 0 0 0 0 0 0 0 0 0 0 0 0 0 0 0 0 0 0 0 0 0 0 0 0 0 0 0 0 0 0 0 0 0 0 0 0 0 0 0 0 0 0 0  2 2 


101
86  2 2 0 长眉灵猴
长眉灵猴 13966
13966  13966 1350 183 4458
5108
 5108 0 135 2174
150
150
135
 1083 1005 3259 2869 1035 986 114  0 0 1 4 0 0 165 155 775 310 155
 1243 0 0 1243
 1670 0 0 1670
 1079 0 12 964
 1050 0 0 1050
 381 0 6 360
 155 0 0 155
0 5997145 3 0 100
4
43 57 55 87 
 0 1 0 1 0  1 32 13 0 12 8 -1 14 0 16 3 1 722 0 285 4 32  1 33 13 0 10 8 -1 14 0 16 2 5 107 4 46  1 34 13 0 10 8 -1 14 0 16 2 2 224 6 1010 
135 135 135 135 0 0 0 0 0 0 0 0 0 
0 0 0 0 675 0 675 0 0 0 0 0 1 2 0 0 0
0 0 0 0 0 0 10 0 0 0 0 0 0 0 20 0 0 0 0 0 0 0 0 0 0 0 0 0 0 0 0 0 0 0 28 0 0 0 0 0 0 0 0 0 0 0 0 0 0 0 0 0 0 0 0 0 0 0 0 0 0 0 0 0 0 0 0 0 0 0 0 0 0 0 0 0 0 0 0 0 0 0 0 0 0 0 0 0 0 0 0 0 0 0 0 0 0 0 0 0 0 0 0 0 0 0 0 0 0 0 0 0 0 0 30 0 0 0  2 2 


0 0 -1  0  0 0 
-1 -1 -1 -1 -1 -1 -1 -1 

1 0 100 10  1  4 3 3 3 0  0  0  0 四季
四季 13433
13433  13433 880 144 5145
3331
 3331 0 88 1772
140
150
125
 1405 2035 7350 3405 1635 1635 153  0 2 2 0 1 0 155 395 146 395 270
 1721 0 0 1721
 1065 0 0 1065
 2275 0 14 1996
 770 0 0 770
 611 0 12 546
 870 0 0 870
0 4766552 2 100 100
4
50 52 44 80 
 0 0 0 0 1  0  0  0 
88 88 88 88 0 0 0 0 0 0 0 0 0 
0 0 0 0 625 0 625 13 0 0 20 0 1 2 0 0 0
30 0 0 0 0 0 0 0 0 0 0 0 0 0 0 0 0 0 0 0 0 0 0 0 0 13 13 0 20 0 40 15 0 0 18 0 0 0 0 0 0 0 0 0 0 0 0 0 0 0 0 0 0 0 0 0 0 0 0 0 0 0 0 0 0 0 0 0 0 0 0 0 0 0 0 0 0 0 0 0 0 0 0 0 0 0 0 0 0 0 0 0 0 0 0 0 0 0 0 0 0 0 0 0 0 0 0 0 0 0 0 0 0 0 40 0 0 0 


0 0 0 0 -1 0
7 135 135 135 135 135 135 135 
0 
940 0 0 0 0 625 0 625 140
 8 8 8 8 0 0 0 0
 0 0 0 0 0 0 0 0
-1 -1 -1 -1 -1 -1 
12 118 119 127 116 117 120 122 123 124 129 126 125 
 30 22 9 0 0  30 22 16 0 0  30 22 23 0 0  30 22 31 0 0  30 22 42 0 0  30 22 45 0 0  30 22 49 0 0  30 22 56 0 0  900 25 7 0 0  0  0  0  0  0  0  0  0  0  0  0  0  0  0  0  0  0  0  0  0  0  0  0  0  0  0  0  0  0  0  0  0  0  0  0  0  0  0  0  0  0  0  0  0  0  0  0  0  0  0  1 8 15 0 12 8 -1 14 0 -1 3 0 375 1 325 16 320  1 16 12 0 10 8 -1 14 0 16 2 2 170 3 131  1 19 18 0 8 8 -1 14 0 16 1 4 205  1 7 21 0 12 8 -1 14 0 16 3 0 495 1 430 16 320  1 18 12 0 8 8 -1 14 0 16 1 2 302  1 20 18 0 10 8 -1 14 0 16 2 2 67 6 601  1 21 12 0 10 8 -1 14 0 16 2 2 65 5 105 2
3
101
41  2 2 0 如意仙子
如意仙子 21769
21769  21769 1350 231 6169
4368
 4368 0 135 1859
0
150
135
 1440 1272 3718 2135 1226 1291 116  0 0 1 4 0 0 165 155 775 310 155
 1931 0 0 1931
 2921 0 0 2921
 1786 0 24 1441
 1151 0 0 1151
 663 0 16 572
 155 0 0 155
0 5997145 2 0 100
4
85 6 20 33 
 0 1 0 1 0  1 32 13 0 12 8 -1 14 0 16 3 1 717 0 305 4 32  1 33 13 0 10 8 -1 14 0 16 2 5 107 4 46  1 34 13 0 10 8 -1 14 0 16 2 2 222 6 993 
135 135 135 135 0 0 0 0 0 0 0 0 0 
0 0 0 0 675 0 675 0 30 0 0 0 1 2 0 0 0
0 0 0 0 0 0 0 0 0 0 0 0 20 0 0 0 0 0 0 0 0 0 0 0 0 0 0 0 0 0 0 0 0 0 31 0 0 0 0 0 0 0 0 0 0 0 0 0 0 0 0 0 0 0 0 0 0 0 0 0 0 0 0 0 0 0 0 0 0 0 0 0 0 0 0 0 0 0 0 0 0 0 0 0 0 0 0 0 0 0 0 0 0 0 0 0 0 0 0 0 0 0 0 0 0 0 0 0 0 0 0 0 0 0 0 0 0 0  2 2 


101
44  2 2 0 星灵仙子
星灵仙子 22325
22325  22325 1350 231 6337
5066
 5066 0 135 2156
150
150
135
 1274 1469 4189 2675 1241 1109 123  0 0 1 4 0 0 165 155 775 310 155
 1814 0 0 1814
 2847 0 0 2847
 1853 0 24 1495
 1170 0 0 1170
 603 0 6 569
 155 0 0 155
0 5997145 2 0 100
4
85 19 67 8 
 0 1 0 1 0  1 32 13 0 12 8 -1 14 0 16 3 1 727 0 290 4 32  1 33 13 0 10 8 -1 14 0 16 2 5 108 4 44  1 34 13 0 10 8 -1 14 0 16 2 2 225 6 1053 
135 135 135 135 0 0 0 0 0 0 0 0 0 
0 20 0 0 675 0 675 0 0 0 0 0 1 2 0 0 0
0 0 0 0 0 0 0 0 0 0 0 0 0 0 0 0 0 0 0 0 10 10 0 0 0 0 0 0 0 0 0 0 0 0 31 -30 0 0 0 0 0 0 0 0 0 0 0 0 0 0 0 0 0 0 0 0 0 0 0 0 0 0 0 0 0 0 0 0 0 0 0 0 0 0 0 0 0 0 0 0 0 0 0 0 0 0 0 0 0 0 0 0 0 0 0 0 0 0 0 30 0 0 0 0 0 0 0 0 0 0 0 0 0 0 0 0 0 0  2 2 


101
86  2 2 0 长眉灵猴
长眉灵猴 14345
14345  14345 1350 183 4592
5557
 5557 0 135 2365
150
150
135
 1087 1049 3454 3189 1080 878 120  0 0 1 4 0 0 165 155 775 310 155
 1280 0 0 1280
 1700 0 0 1700
 1120 0 12 1000
 1070 0 0 1070
 392 0 6 370
 155 0 0 155
0 5997145 3 0 100
4
43 57 55 87 
 0 1 0 1 0  1 32 13 0 12 8 -1 14 0 16 3 1 737 0 314 4 32  1 33 13 0 10 8 -1 14 0 16 2 5 109 4 47  1 34 13 0 10 8 -1 14 0 16 2 2 228 6 1015 
135 135 135 135 0 0 0 0 0 0 0 0 0 
0 0 0 0 675 0 675 0 0 0 0 0 1 2 0 0 0
0 0 0 0 0 0 10 0 0 0 0 0 0 0 20 0 0 0 0 0 0 0 0 0 0 0 0 0 0 0 0 0 0 0 28 0 0 0 0 0 0 0 0 0 0 0 0 0 0 0 0 0 0 0 0 0 0 0 0 0 0 0 0 0 0 0 0 0 0 0 0 0 0 0 0 0 0 0 0 0 0 0 0 0 0 0 0 0 0 0 0 0 0 0 0 0 0 0 0 0 0 0 0 0 0 0 0 0 0 0 0 0 0 0 30 0 0 0  2 2 


0 0 -1  0  0 0 
-1 -1 -1 -1 -1 -1 -1 -1 

1 0 100 7  1  4 1 5 4 0  0  0  0 紫菜
紫菜 41565
41565  41565 990 155 15912
6346
 6346 0 99 3189
35
150
125
 2070 2135 100215 4675 1567 1567 173  0 0 1 4 0 0 155 145 645 270 145
 2043 0 0 2043
 1065 0 0 1065
 1793 0 14 1573
 1101 0 0 1101
 301 0 12 269
 1065 0 0 1065
0 4766552 3 100 100
0

 0 0 0 0 1  0  0  0 
99 99 99 99 0 0 0 0 0 0 0 0 0 
0 0 0 0 625 0 625 0 0 0 0 0 1 2 0 0 0
0 0 0 0 0 0 9 0 0 0 0 0 0 0 0 0 0 0 0 0 0 0 0 0 0 0 0 0 0 0 0 0 0 0 20 0 0 0 0 0 0 0 0 0 0 0 0 0 0 0 0 0 13 0 0 0 0 0 0 0 0 0 0 0 0 0 0 0 0 0 0 0 0 0 0 0 0 0 0 0 0 0 0 0 0 0 0 0 0 0 0 0 13 13 0 0 0 0 0 0 0 0 0 0 0 0 0 0 0 0 0 0 0 0 0 0 0 0 


0 0 0 0 -1 0
5 135 135 135 135 135 135 135 
0 
995 0 0 0 0 625 0 625 35
 8 8 8 8 0 0 0 0
 0 0 0 0 0 0 0 0
-1 -1 -1 -1 -1 -1 
5 140 131 132 133 138 
 30 22 9 0 0  30 22 16 0 0  30 22 23 0 0  30 22 31 0 0  30 22 42 0 0  30 22 45 0 0  30 22 49 0 0  30 22 56 0 0  900 25 7 0 0  0  0  0  0  0  0  0  0  0  0  0  0  0  0  0  0  0  0  0  0  0  0  0  0  0  0  0  0  0  0  0  0  0  0  0  0  0  0  0  0  0  0  0  0  0  0  0  0  0  0  1 9 12 0 12 8 -1 14 0 -1 3 0 375 1 325 16 320  1 16 12 0 10 8 -1 14 0 16 2 2 170 3 127  1 19 18 0 8 8 -1 14 0 16 1 4 202  1 9 18 0 12 8 -1 14 0 16 3 0 495 1 430 16 320  1 18 12 0 8 8 -1 14 0 16 1 2 315  1 20 18 0 10 8 -1 14 0 16 2 2 67 6 584  1 21 12 0 12 8 -1 14 0 16 3 2 71 5 42 16 320 2
3
101
48  2 2 0 净瓶女娲
净瓶女娲 18904
18904  18904 1350 207 5718
2850
 2850 0 135 1213
0
150
135
 1514 1458 4971 2277 1398 1484 122  4 0 1 0 0 0 785 155 155 310 155
 2846 0 5 2711
 3620 0 0 3620
 1583 0 18 1342
 827 0 0 827
 549 0 6 518
 155 0 0 155
0 5997145 2 0 100
5
7 23 4 39 35 
 0 1 1 0 0  1 32 13 0 10 8 -1 14 0 16 2 1 801 0 404  1 33 13 0 10 8 -1 14 0 16 2 5 114 4 46  1 34 13 0 10 8 -1 14 0 16 2 2 247 6 1007 
135 135 135 135 0 0 0 0 0 0 0 0 0 
0 0 0 0 675 0 675 0 0 0 0 0 1 2 0 0 0
0 0 0 10 10 0 0 0 0 0 0 0 30 0 0 0 0 0 0 0 0 0 0 0 0 0 0 0 0 0 0 0 0 0 29 0 0 0 0 0 0 0 0 0 0 0 0 0 0 0 0 0 0 20 0 20 0 0 0 0 0 0 20 0 0 0 0 0 0 0 0 0 0 0 0 0 0 0 0 0 0 0 0 0 0 0 0 0 0 0 0 0 0 0 0 0 0 0 0 0 0 0 0 0 0 0 0 0 0 0 0 0 0 0 0 0 0 0  2 2 


101
50  2 2 0 灵符女娲
灵符女娲 18489
18489  18489 1350 207 5583
5245
 5245 0 135 2232
150
150
135
 1034 1370 5089 2929 1392 1146 118  0 0 1 4 0 0 165 155 775 310 155
 1471 0 0 1471
 2410 0 0 2410
 1516 0 18 1285
 1118 0 0 1118
 548 0 6 517
 155 0 0 155
0 5997145 2 0 100
6
48 46 91 58 55 60 
 0 1 0 1 0  1 32 13 0 12 8 -1 14 0 16 3 1 811 0 314 4 32  1 33 13 0 10 8 -1 14 0 16 2 5 114 4 44  1 34 13 0 10 8 -1 14 0 16 2 2 220 6 982 
135 135 135 135 0 0 0 0 0 0 0 0 0 
0 0 0 0 675 0 675 0 0 0 0 40 1 2 0 0 0
0 0 0 0 0 0 15 0 0 0 0 0 0 0 20 0 0 0 0 0 0 0 0 0 0 0 0 0 0 0 20 0 0 30 29 0 0 0 0 0 0 0 0 0 0 0 0 0 0 0 0 0 0 0 0 0 0 0 0 0 0 0 0 0 0 0 0 0 0 0 0 0 0 0 0 0 0 0 0 0 0 0 0 0 0 0 0 0 0 0 0 0 0 0 0 0 0 0 0 0 0 0 0 0 0 0 0 0 0 0 0 0 0 0 0 0 0 0  2 2 


101
86  2 2 0 长眉灵猴
长眉灵猴 14379
14379  14379 1350 183 4604
5242
 5242 0 135 2231
150
150
135
 921 1149 3377 2876 1028 964 121  0 0 1 4 0 0 165 155 775 310 155
 1199 0 0 1199
 1674 0 0 1674
 1148 0 12 1025
 1057 0 0 1057
 380 0 6 359
 155 0 0 155
0 5997145 3 0 100
4
43 57 55 87 
 0 1 0 1 0  1 32 13 0 12 8 -1 14 0 16 3 1 721 0 304 4 32  1 33 13 0 10 8 -1 14 0 16 2 5 107 4 47  1 34 13 0 10 8 -1 14 0 16 2 2 223 6 1056 
135 135 135 135 0 0 0 0 0 0 0 0 0 
0 0 0 0 675 0 675 0 0 0 0 0 1 2 0 0 0
0 0 0 0 0 0 10 0 0 0 0 0 0 0 20 0 0 0 0 0 0 0 0 0 0 0 0 0 0 0 0 0 0 0 28 0 0 0 0 0 0 0 0 0 0 0 0 0 0 0 0 0 0 0 0 0 0 0 0 0 0 0 0 0 0 0 0 0 0 0 0 0 0 0 0 0 0 0 0 0 0 0 0 0 0 0 0 0 0 0 0 0 0 0 0 0 0 0 0 0 0 0 0 0 0 0 0 0 0 0 0 0 0 0 30 0 0 0  2 2 


0 0 -1  0  0 0 
-1 -1 -1 -1 -1 -1 -1 -1 

1 0 100 11  1  4 0 0 0 0  0  0  0 冷涯傲雪
冷涯傲雪 13859
13859  13859 990 155 5047
2718
 2718 0 99 1366
150
150
125
 635 1905 6810 2405 1535 1435 153  0 2 2 0 1 0 152 395 145 395 270
 1379 0 0 1379
 1059 0 0 1059
 2251 0 14 1975
 743 0 0 743
 581 0 12 519
 870 0 0 870
0 4766552 2 100 100
0

 0 0 0 0 1  0  0  0 
99 99 99 99 0 0 0 0 0 0 0 0 0 
0 0 0 0 625 0 625 0 0 0 0 0 1 2 0 0 1
0 0 0 0 0 0 0 0 0 0 0 0 0 0 0 0 0 0 0 0 0 0 0 0 0 0 0 0 0 0 0 0 0 0 20 0 0 0 0 0 0 0 0 0 0 0 0 0 0 0 0 0 0 0 0 0 0 0 0 0 0 0 0 0 0 0 0 0 0 0 0 0 0 0 0 0 0 0 0 0 0 0 0 0 0 0 0 0 0 0 0 0 0 6 0 6 0 6 0 6 0 0 0 0 0 0 0 0 0 0 0 0 0 0 0 0 0 0 


0 0 0 0 -1 0
10 135 135 135 135 135 135 135 
0 
995 0 0 0 0 625 0 625 150
 8 8 8 8 0 0 0 0
 0 0 0 0 0 0 0 0
-1 -1 -1 14 16 -1 
12 115 113 103 104 105 106 107 108 109 102 110 112 
 30 22 9 0 0  30 22 16 0 0  30 22 23 0 0  30 22 31 0 0  30 22 42 0 0  30 22 45 0 0  30 22 49 0 0  30 22 56 0 0  900 25 7 0 0  0  0  0  0  0  0  0  0  0  0  0  0  0  0  0  0  0  0  0  0  0  0  0  0  0  0  0  0  0  0  0  0  0  0  0  0  0  0  0  0  0  0  0  0  0  0  0  0  0  0  1 8 12 0 16 8 -1 14 0 -1 5 0 375 1 325 7 -1 7 4 16 320  1 16 12 0 10 8 -1 14 0 16 2 2 168 3 143  1 19 18 0 8 8 -1 14 0 16 1 4 219  1 10 18 0 14 8 -1 14 0 16 4 0 495 1 430 7 -3 16 320  1 18 12 0 8 8 14 14 0 16 1 2 312  1 20 18 0 10 8 16 14 0 16 2 2 73 6 570  1 21 12 0 10 8 -1 14 0 16 2 2 68 5 105 2
3
101
41  2 2 0 如意仙子
如意仙子 18228
18228  18228 1350 207 5498
2707
 2707 0 135 1152
0
150
135
 1429 1291 3869 2145 1308 1276 121  4 0 1 0 0 0 785 155 155 310 155
 2774 0 5 2642
 3579 0 0 3579
 1505 0 18 1276
 824 0 0 824
 530 0 6 500
 155 0 0 155
0 5997145 2 0 100
5
6 23 4 39 35 
 0 1 0 1 0  1 32 13 0 10 8 -1 14 0 16 2 1 750 0 393  1 33 13 0 10 8 -1 14 0 16 2 5 110 4 48  1 34 13 0 10 8 -1 14 0 16 2 2 232 6 980 
135 135 135 135 0 0 0 0 0 0 0 0 0 
0 0 0 0 675 0 675 0 0 0 0 0 1 2 0 0 0
0 0 0 10 10 0 0 0 0 0 0 0 20 0 0 0 0 0 0 0 0 0 0 0 0 0 0 0 0 0 0 0 0 0 29 0 0 0 0 0 0 0 0 0 0 0 0 0 0 0 0 0 0 20 0 20 0 0 0 0 0 0 20 0 0 0 0 0 0 0 0 0 0 0 0 0 0 0 0 0 0 0 0 0 0 0 0 0 0 0 0 0 0 0 0 0 0 0 0 0 0 0 0 0 0 0 0 0 0 0 0 0 0 0 0 0 0 0  2 2 


101
75  2 2 0 犀牛将军
犀牛将军 17998
17998  17998 1350 207 5423
4897
 4897 0 135 2084
63
150
135
 1004 1305 3343 2600 1306 1117 118  0 0 1 4 0 0 165 155 775 310 155
 1447 0 0 1447
 2388 0 0 2388
 1519 0 18 1288
 1108 0 0 1108
 533 0 6 503
 155 0 0 155
0 5997145 3 0 100
3
87 57 59 
 0 1 0 1 0  1 32 13 0 12 8 -1 14 0 16 3 1 760 0 303 4 32  1 33 13 0 10 8 -1 14 0 16 2 5 110 4 46  1 34 13 0 10 8 -1 14 0 16 2 2 235 6 1054 
135 135 135 135 0 0 0 0 0 0 0 0 0 
0 0 0 0 675 0 675 0 0 0 0 30 1 2 0 0 0
0 0 0 0 0 0 10 0 0 0 0 0 0 0 0 0 0 0 0 0 0 0 0 0 0 0 0 0 0 0 0 0 0 0 29 0 0 0 0 0 0 0 0 0 0 0 0 0 0 0 0 0 0 0 0 0 0 0 0 0 0 0 0 0 0 0 0 0 0 0 0 0 0 0 0 0 0 0 0 0 0 0 0 0 0 0 0 0 0 0 0 0 0 0 0 0 0 0 0 0 0 0 0 0 0 0 0 0 0 0 0 0 0 0 0 0 0 0  2 2 


101
86  2 2 0 长眉灵猴
长眉灵猴 14110
14110  14110 1350 183 4509
5313
 5313 0 135 2261
150
150
135
 1060 1160 3407 3028 1103 819 116  0 0 1 4 0 0 165 155 775 310 155
 1242 0 0 1242
 1745 0 0 1745
 1162 0 12 1038
 1056 0 0 1056
 398 0 6 376
 155 0 0 155
0 5997145 3 0 100
4
43 57 55 87 
 0 1 0 1 0  1 32 13 0 12 8 -1 14 0 16 3 1 770 0 293 4 32  1 33 13 0 10 8 -1 14 0 16 2 5 111 4 45  1 34 13 0 10 8 -1 14 0 16 2 2 238 6 1029 
135 135 135 135 0 0 0 0 0 0 0 0 0 
0 0 0 0 675 0 675 0 0 0 0 0 1 2 0 0 0
0 0 0 0 0 0 10 0 0 0 0 0 0 0 20 0 0 0 0 0 0 0 0 0 0 0 0 0 0 0 0 0 0 0 28 0 0 0 0 0 0 0 0 0 0 0 0 0 0 0 0 0 0 0 0 0 0 0 0 0 0 0 0 0 0 0 0 0 0 0 0 0 0 0 0 0 0 0 0 0 0 0 0 0 0 0 0 0 0 0 0 0 0 0 0 0 0 0 0 0 0 0 0 0 0 0 0 0 0 0 0 0 0 0 30 0 0 0  2 2 


0 0 -1  0  0 0 
-1 -1 -1 -1 -1 -1 -1 -1 


下面保存任务

0 

0 

0 

0 

2 2007 0 20
李靖
凌宵宝殿
50 1 1
豆蔻囡囡
朱紫国


地图trigger 2  -1 1 春 1 6 50  -1 1 夏 1 6 50 

1 2009 0 7 140 

0 
-1 
2 
主线
找李靖
0 2007 0 
副本
抓完鬼,再玩下门派闯关吧
100 50 1 0
////////////////保存剧情
7 
2 
-1 
-1 
0 
保存好友列表
10

 0 0 0 0 0 燕子 燕子2 0 100 2 -1 -1 0 29419999 0 -1  0 0 -1  0 5  1 大海龟 3 61 37 73 0  0 0 5 0 0 0  881 586 2236 998 590 536 62 0 
 120 泡泡 4 0 6 25 37 300000  4 0 1 0 0 0  1379 1322 4007 2116 1257 1244 105 0 
 28 马面 3 45 23 10 80000  4 0 1 0 0 0  1438 1235 4223 1126 1011 1135 80 0 
 107 超级神兔 7 1 7 15 24 40 5 17 0  4 0 1 0 0 0  1513 1377 7368 2593 1662 1659 140 0 
 44 星灵仙子 4 85 19 67 8 200000  0 0 1 4 0 0  1248 1473 4116 2674 1335 1124 124 0 
4

 0 0 0 0 0 敖白 敖白 0 100 8 -1 -1 0 29699999 0 -1  0 0 -1  0 2  6 海毛虫 4 23 2 41 62 0  4 0 1 0 0 0  1306 877 1918 1169 1336 877 60 0 
 120 泡泡 4 0 6 25 37 300000  4 0 1 0 0 0  1354 1323 4257 2098 1235 1249 103 0 
1

 0 0 0 0 0 怀念 怀念 0 100 0 -1 -1  1  4 3 4 3 0  0  0  0 29699999 0 -1  0 0 -1  0 2  6 海毛虫 4 23 2 41 62 0  4 0 1 0 0 0  1328 823 1995 1057 1364 915 62 0 
 120 泡泡 4 0 6 25 37 300000  4 0 1 0 0 0  1356 1392 4084 2022 1240 1297 104 0 
1

 0 0 0 0 0 清风 清风 0 100 1 -1 -1 0 29629999 0 -1  0 0 -1  0 5  120 泡泡 4 0 6 25 37 300000  4 0 1 0 0 0  1358 1307 4133 2132 1234 1295 103 0 
 26 僵尸 6 45 4 16 41 65 62 20000  4 0 1 0 0 0  1126 1211 4321 1079 721 290 83 0 
 23 兔子怪 3 25 33 14 20000  4 0 1 0 0 0  1250 1101 2315 1102 1502 1503 93 0 
 21 蟹将 3 7 29 72 30000  4 0 1 0 0 0  1416 1431 3537 1121 1283 189 81 0 
 106 超级海豚 7 74 89 73 34 52 56 48 0  0 0 1 4 0 0  1505 1359 7267 3654 1216 1280 131 0 
4

 0 0 0 0 0 傻妞 傻妞 0 100 15 -1 -1 0 29699999 0 -1  0 0 -1  0 2  120 泡泡 4 0 6 25 37 300000  4 0 1 0 0 0  1322 1347 4321 2063 1205 1275 100 0 
 95 超级大熊猫 5 0 6 16 24 29 0  4 0 1 0 0 0  1339 1041 6254 2053 1238 1261 122 0 
1

 0 0 0 0 0 小蛮 小蛮 0 100 12 -1 -1 0 29699999 0 -1  0 0 -1  0 2  33 黑山老妖 2 4 10 100000  4 0 1 0 0 0  1218 1250 3286 1459 1222 1007 108 0 
 44 星灵仙子 4 85 19 67 8 200000  0 0 1 4 0 0  1115 1373 4555 2763 1308 1091 121 0 
1

 0 0 0 0 0 四季 四季 0 100 10 7 16 0 29349999 0 -1  0 0 -1  0 3  41 如意仙子 4 85 6 20 33 200000  0 0 1 4 0 0  1440 1272 3718 2135 1226 1291 116 0 
 44 星灵仙子 4 85 19 67 8 200000  0 0 1 4 0 0  1274 1469 4189 2675 1241 1109 123 0 
 86 长眉灵猴 4 43 57 55 87 250000  0 0 1 4 0 0  1087 1049 3454 3189 1080 878 120 0 
2

 0 0 0 0 0 冷涯傲雪 冷涯傲雪 0 100 11 8 10 0 29549999 0 -1  0 0 -1  0 3  41 如意仙子 5 6 23 4 39 35 0  4 0 1 0 0 0  1429 1291 3869 2145 1308 1276 121 0 
 75 犀牛将军 3 87 57 59 200000  0 0 1 4 0 0  1004 1305 3343 2600 1306 1117 118 0 
 86 长眉灵猴 4 43 57 55 87 250000  0 0 1 4 0 0  1060 1160 3407 3028 1103 819 116 0 
2

 0 0 0 0 0 小胖手 小胖手 0 100 4 4 16 0 29549999 0 -1  0 0 -1  0 3  85 画魂 5 48 46 91 58 55 0  0 0 1 4 0 0  1213 1724 3695 2985 1166 1212 117 0 
 75 犀牛将军 3 87 57 59 200000  0 0 1 4 0 0  1057 1269 3273 2414 1321 1139 119 0 
 86 长眉灵猴 4 43 57 55 87 250000  0 0 1 4 0 0  1083 1005 3259 2869 1035 986 114 0 
2

 0 0 0 0 0 紫菜 紫菜 0 100 7 9 13 0 29749999 0 -1  0 0 -1  0 3  48 净瓶女娲 5 7 23 4 39 35 0  4 0 1 0 0 0  1514 1458 4971 2277 1398 1484 122 0 
 50 灵符女娲 6 48 46 91 58 55 60 0  0 0 1 4 0 0  1034 1370 5089 2929 1392 1146 118 0 
 86 长眉灵猴 4 43 57 55 87 250000  0 0 1 4 0 0  921 1149 3377 2876 1028 964 121 0 
2

0 0  0  1039 管家 0 11 9 0 
0  家具 0 0 11 
3  -1 0 0  -1 0 
4 1 -1 1 12  139 程咬金 1 夏 92 102 7  0 0 0 
1 10 50  142 空度禅师 1 夏 50 56 9  0 0 0 
1 10 50  132 孙婆婆 1 夏 111 188 1  0 0 0 
1 10 50  135 菩提祖师 1 夏 82 63 1  0 0 0 
1 10 50  143 大大王 1 夏 25 113 9  0 0 0 
1 10 50  133 牛魔王 1 夏 60 95 1  0 0 0 
1 10 50  136 白晶晶 1 夏 125 106 1  0 0 0 
1 10 50  140 地藏王 1 夏 119 68 1  0 0 0 
1 10 50  131 东海龙王 1 夏 130 147 1  0 0 0 
1 10 50  134 镇元大仙 1 夏 100 12 3  0 0 0 
1 10 50  141 观音姐姐 1 夏 31 193 1  0 0 0 
1 10 50  138 李靖 1 夏 68 122 7  0 0 0 
1 10 50 0 0 
-1
全局变量
80 1000 125 3 1 8 8 0 0 0 0 0 8 0 1600 1600 0 0 0 0 0 0 0 0 0 0 0 0 0 0 0 
0 0 0 0 0 0 0 0 0 0 0 0 0 0 0 0 0 0 0 0 0 0 0 0 0 0 0 0 0 0 0 0 0 0 0 0 0 0 0 0 0 0 0 0 0 0 0 0 0 0 0 0 0 0 0 0 0 0 0 0 0 0 0 0 0 0 0 0 0 320320 0 0 0 0 0 0 0 0 0 0 0 0 0 0 0 0 0 0 0 0 0 0 0 0 0 0 0 0 0 0 0 0 0 0 0 0 0 0 0 0 0 0 0 0 0 0 0 0 0 0 0 0 0 0 0 0 0 0 0 0 0 0 0 0 0 0 0 0 0 0 0 0 0 0 0 0 0 0 0 0 0 0 0 0 0 0 0 0 0 0 0 0 0 0 0 0 0 0 0 64 0 0 0 0 0 0 0 0 0 0 0 0 0 0 0 0 0 0 0 0 0 0 0 0 0 0 0 0 0 0 0 0 0 0 0 0 0 0 0 0 0 0 0 0 0 0 0 0 0 0 0 0 0 0 0 
夏 107 51 
0 0 0 0 