522 155 2 85 
0 9 0 3 4 2 0 1 8 9 7 5 6 10 11 12 13 14 15 16 17 18 19 
1 0 100 6  1  4 4 0 1 0  0  0  0 篮子
篮子 4417
4417  4417 160 31 3250
1137
 1137 0 0 1137
60
150
155
 2060 1655 6880 1440 1420 1720 168  4 0 0 0 1 0 806 175 175 175 332
 3392 0 12 3029
 2267 0 0 2267
 1523 0 10 1385
 892 0 0 892
 588 0 0 588
 332 0 0 332
953808719 67942432 3 100 100
7
17 40 38 11 24 7 75 
 0 0 0 0 1  0  0  0 
32 62 0 0 0 0 0 0 0 0 0 0 0 
20 0 0 0 775 0 775 20 0 0 0 0 1 2 0 0 0
0 0 0 20 20 0 0 0 0 0 0 0 30 0 0 0 0 0 0 0 0 0 0 0 0 0 0 0 0 0 100 0 2 0 0 0 0 0 0 0 0 0 0 0 0 0 0 0 0 0 0 0 0 30 0 30 0 0 0 0 0 0 0 0 0 0 0 0 81 0 0 0 0 0 0 0 0 0 0 0 0 0 0 0 0 0 40 30 0 0 0 0 0 0 0 0 0 0 0 0 0 0 0 0 0 0 0 0 0 0 0 0 0 0 0 0 0 0 


1 0 0 0 0 0
0 80 70 40 20 105 35 20 
0 
1005 15778909 0 811606 0 775 0 775 60
 23 10 0 14 10 280 0 940
 6 0 13 0 110 0 230 0
34 7 22 35 -1 13 
4 0 3 4 1 
 30 23 0 0 0  0  0  0  0  0  0  0  0  30 27 0 0 0  0  0  0  1 33 3 0 10 0 -1 -1 -1 -1 2 5 25 4 16  1 24 11 1 长安城 3 0 431 53  0  0  11 29 13 0 0  3 29 14 0 0  7 29 1 0 0  0  0  0  0  0  0  0  0  0  0  6 29 12 0 0  6 29 2 0 0  0  0  0  1 40 16 0 0  1 40 6 0 0  7 27 40 0 0  16 27 39 0 0  13 27 41 0 0  0  0  1 27 5 0 0  2 29 0 0 0  1 29 7 0 0  0  0  0  0  0  0  0  0  0  0  0  0  0  1 24 16 0 1 0  1 24 4 0 1 0  1 16 8 0 14 4 34 12 -1 -1 4 2 46 3 99 1 100 0 28  1 19 19 0 8 5 7 12 43 -1 1 4 205  1 6 18 0 12 5 22 12 43 -1 3 0 530 1 555 7 3  1 18 13 0 10 5 35 12 -1 -1 2 2 221 6 200  1 20 16 0 12 4 -1 12 -1 -1 3 2 63 6 220 5 32  1 21 13 0 10 5 13 12 87 -1 2 2 71 5 85 3
5
101
35  0 0 0 天将
天将 6415
6415  6415 1150 115 2449
1513
 1513 0 115 704
150
150
115
 1433 1282 3526 1465 1207 1241 106  4 0 1 0 0 0 605 135 135 250 135
 1437 0 5 1369
 1598 0 0 1598
 646 0 0 646
 561 0 0 561
 199 0 0 199
 135 0 0 135
63965075 3716979 2 0 100
4
35 23 6 43 
 0 1 0 1 0  1 32 6 0 10 0 -1 -1 -1 -1 2 1 388 0 152  1 33 6 0 10 0 -1 -1 -1 -1 2 5 37 4 25  1 34 6 0 10 0 -1 -1 -1 -1 2 2 116 6 454 
115 115 115 0 0 0 0 0 0 0 0 0 0 
0 0 0 0 575 0 575 0 0 0 0 0 1 2 0 0 0
0 0 0 0 10 0 0 0 0 0 0 0 20 0 0 0 0 0 0 0 0 0 0 0 0 0 0 0 0 0 80 0 0 0 0 0 0 0 0 0 0 0 0 0 0 0 0 0 0 0 0 0 0 0 0 0 0 0 0 0 0 0 0 0 0 0 0 0 0 0 0 0 0 0 0 0 0 0 0 0 0 0 0 0 0 0 0 0 0 0 0 0 0 0 0 0 0 0 0 0 0 0 0 0 0 0 0 0 0 0 0 0 0 0 30 0 0 0  0 0 


101
49  0 0 0 律法女娲
律法女娲 9694
9694  9694 1350 135 3551
2364
 2364 0 135 1006
150
150
135
 1474 1385 4626 1797 1424 1464 128  4 0 1 0 0 0 705 155 155 290 155
 1972 0 5 1879
 1991 0 0 1991
 925 0 5 881
 688 0 0 688
 324 0 10 295
 155 0 0 155
10194956 5997145 2 0 100
12
4 23 98 0 14 43 33 35 19 37 39 16 
 0 1 0 1 0  1 32 10 0 10 4 -1 -1 -1 -1 2 1 581 0 281  1 33 10 0 10 4 -1 -1 -1 -1 2 5 75 4 39  1 34 10 0 10 4 -1 -1 -1 -1 2 2 186 6 700 
135 135 135 0 0 0 0 0 0 0 0 0 0 
10 20 0 0 675 0 675 0 0 0 0 0 1 2 0 0 0
0 0 0 10 10 0 0 0 0 0 0 0 0 0 0 0 0 0 0 0 15 0 0 0 0 0 0 0 0 0 0 0 0 0 0 0 0 0 0 0 0 0 0 0 0 0 0 0 0 0 0 0 30 20 0 20 0 0 0 0 0 0 20 0 0 0 0 0 0 0 0 0 0 0 0 0 0 0 0 0 0 0 0 0 0 0 0 40 0 0 0 0 0 0 0 0 0 0 0 0 0 0 0 0 0 0 0 0 0 0 0 0 0 0 30 0 0 0  0 0 


101
52  2 2 0 雾中仙
雾中仙 12447
12447  12447 1500 150 4379
6997
 6997 0 150 2799
150
150
150
 1204 1413 5153 3253 1188 1715 138  0 0 1 4 0 0 180 170 850 340 170
 1201 0 0 1201
 1132 0 0 1132
 1090 0 5 1039
 1101 0 0 1101
 289 0 10 263
 170 0 0 170
28137671 41069735 0 0 100
13
45 91 37 56 57 21 50 47 59 53 51 43 33 
 0 1 0 1 0  1 32 13 0 12 5 -1 -1 -1 -1 3 1 772 0 321 4 20  1 33 12 0 10 0 -1 88 -1 -1 2 5 62 4 46  1 34 13 0 10 2 -1 -1 -1 -1 2 2 238 6 792 
150 150 150 0 0 0 0 0 0 0 0 0 0 
0 0 0 0 750 0 750 0 50 0 10 30 1 2 0 0 0
30 20 0 0 0 0 10 0 0 0 0 0 0 0 30 0 0 0 0 0 0 0 0 0 0 0 0 0 0 0 10 0 0 20 0 0 0 0 0 0 0 0 0 0 0 0 0 0 0 0 0 0 0 0 0 0 0 0 0 0 0 0 0 0 0 0 0 0 147 0 0 0 0 0 0 0 0 0 0 0 0 0 0 0 0 0 0 0 0 0 0 0 0 0 0 0 0 0 0 0 0 0 0 0 0 0 0 0 0 0 0 0 0 0 30 0 0 0  2 2 


101
94  0 0 0 超级泡泡
超级泡泡 14138
14151  14212 1500 150 5085
4678
 4697 0 150 1879
150
150
150
 1817 1600 7302 3232 1631 1350 155  4 0 1 0 0 0 780 170 170 320 170
 2985 0 16 2574
 2325 0 0 2325
 1257 0 10 1143
 857 0 0 857
 426 0 10 388
 170 0 0 170
23151442 41069735 2 0 100
16
7 1 23 26 38 75 36 50 76 43 4 33 14 39 8 42 
 0 1 0 1 0  1 32 14 0 10 7 -1 12 27 20 2 1 765 0 412  1 33 14 0 10 7 -1 12 27 20 2 5 111 4 48  1 34 14 0 10 7 -1 27 12 87 2 2 238 6 1014 
150 150 150 0 0 0 0 0 0 0 0 0 0 
0 0 0 0 750 0 750 0 0 0 0 0 1 2 5 0 0
30 0 0 10 14 -20 0 -20 0 0 0 0 36 0 0 0 0 0 0 0 25 10 0 0 0 0 20 0 0 0 0 0 0 0 0 -30 0 0 0 0 0 0 0 0 0 0 0 0 0 0 0 0 45 20 0 20 0 0 0 0 0 0 20 0 0 0 0 0 81 0 0 0 0 0 0 0 0 0 0 0 0 0 0 0 0 0 20 0 0 0 0 0 0 0 0 0 0 0 0 0 0 0 0 0 0 0 0 0 0 0 0 0 0 0 30 0 0 0  0 0 


101
78  0 0 0 猫灵人
猫灵人 11831
11831  11831 1650 165 3842
6569
 6569 0 165 2479
0
150
165
 1675 1515 5468 4038 1919 1944 140  4 0 1 0 0 0 855 185 185 350 185
 2164 0 0 2164
 1710 0 0 1710
 922 0 0 922
 913 0 0 913
 426 0 20 355
 185 0 0 185
0 136488050 1 0 100
6
34 7 11 24 26 40 
 0 1 0 1 0  0  0  0 
165 165 165 0 0 0 0 0 0 0 0 0 0 
0 0 0 0 825 0 825 20 0 0 0 0 1 2 0 0 0
0 0 0 20 20 -20 0 -20 0 0 0 0 30 0 0 0 0 0 0 0 0 0 0 0 0 0 0 0 0 0 0 0 0 0 0 0 0 0 0 0 0 0 0 0 0 0 0 0 0 0 0 0 0 30 0 30 0 0 0 0 0 0 0 0 0 0 0 0 0 0 0 0 0 0 0 0 0 0 0 0 0 0 0 0 0 0 0 30 0 0 0 0 0 0 0 0 0 0 0 0 0 0 0 0 0 0 0 0 0 0 0 0 0 0 0 0 0 0  0 0 


0 0 -1  0  0 0 
3 -1 -1 -1 -1 -1 -1 -1 

1 0 100 4  1  4 5 5 3 0  0  0  0 小胖手
小胖手 10814
10814  10814 980 154 3872
3928
 3928 0 98 1984
28
150
155
 1930 1565 9650 2995 1665 1165 156  5 0 0 0 0 0 960 175 175 175 175
 3850 0 0 3850
 3585 0 0 3585
 1700 0 10 1546
 1089 0 0 1089
 483 0 14 424
 175 0 0 175
0 67942432 3 100 100
0

 0 0 0 0 1  0  0  0 
98 98 98 98 0 0 0 0 0 0 0 0 0 
0 0 0 0 775 0 775 0 0 0 0 0 1 2 0 0 0
0 0 0 0 0 0 0 0 0 0 0 0 0 0 0 0 0 0 0 0 0 0 0 0 0 0 0 0 0 0 0 0 0 0 20 0 0 0 0 0 0 0 0 0 0 0 0 0 0 0 0 0 0 0 0 0 0 0 0 0 0 0 0 0 0 0 0 0 145 0 0 0 0 0 0 0 0 0 0 0 0 0 0 0 0 0 0 0 0 0 0 0 0 0 0 0 0 0 0 0 0 0 0 0 0 0 0 0 0 0 0 0 0 0 0 0 0 0 


1 0 0 0 -1 0
4 165 165 165 165 165 165 165 
0 
990 0 0 0 0 775 0 775 28
 12 12 12 12 0 0 0 0
 0 0 0 0 0 0 0 0
-1 -1 -1 -1 -1 -1 
9 145 141 142 152 144 81 148 149 150 
 30 22 11 0 0  30 22 17 0 0  30 22 24 0 0  30 22 32 0 0  30 22 43 0 0  30 22 45 0 0  30 22 49 0 0  30 22 57 0 0  900 25 9 0 0  0  0  0  0  0  0  0  0  0  0  0  0  0  0  0  0  0  0  0  0  0  0  0  0  0  0  0  0  0  0  0  0  0  0  0  0  0  0  0  0  0  0  0  0  0  0  0  0  0  0  1 4 21 0 10 10 -1 86 0 16 2 0 565 1 680  1 15 15 0 14 10 -1 14 0 16 4 2 84 3 164 1 250 0 70  1 19 21 0 8 10 -1 14 0 16 1 4 262  1 3 27 0 10 10 -1 86 0 16 2 0 685 1 785  1 17 15 0 8 10 -1 14 0 16 1 2 370  1 20 21 0 10 10 -1 14 0 16 2 2 87 6 739  1 21 15 0 10 10 -1 14 0 16 2 2 81 5 133 0
1
101
85  2 2 0 画魂
画魂 38869
38869  38869 1650 309 9100
7003
 7003 0 165 2643
150
150
165
 1213 1634 3330 2856 1116 1221 116  0 0 1 4 0 0 195 185 925 370 185
 2700 0 0 2700
 4927 0 0 4927
 3062 0 36 2252
 1555 0 0 1555
 1070 0 24 863
 185 0 0 185
0 136488050 5 0 100
5
48 46 91 58 55 
 0 1 0 1 0  1 32 15 0 12 10 -1 14 0 16 3 1 905 0 364 4 40  1 33 15 0 10 10 -1 14 0 16 2 5 134 4 50  1 34 15 0 10 10 -1 14 0 16 2 2 279 6 1167 
165 165 165 165 0 0 0 0 0 0 0 0 0 
0 0 0 0 825 0 825 0 0 0 0 0 1 2 0 0 0
0 0 0 0 0 0 15 0 0 0 0 0 0 0 20 0 0 0 0 0 0 0 0 0 0 0 0 0 0 0 20 0 0 30 35 0 0 0 0 0 0 0 0 0 0 0 0 0 0 0 0 0 0 0 0 0 0 0 0 0 0 0 0 0 0 0 0 0 0 0 0 0 0 0 0 0 0 0 0 0 0 0 0 0 0 0 0 0 0 0 0 0 0 0 0 0 0 0 0 0 0 0 0 0 0 0 0 0 0 0 0 0 0 0 0 0 0 0  2 2 


1 42 0 0 -1  0  0 0 
-1 -1 -1 -1 -1 -1 -1 -1 

1 0 100 10  1  4 3 6 1 0  0  0  0 四季
四季 15822
15822  15822 840 132 6458
4125
 4125 0 84 2242
150
150
155
 1495 2065 7650 3495 1665 1665 156  0 2 2 0 1 0 185 485 175 485 330
 1714 0 0 1714
 905 0 0 905
 2791 0 12 2492
 949 0 0 949
 760 0 12 679
 730 0 0 730
0 67942432 2 100 100
4
50 52 44 80 
 0 0 0 0 1  0  0  0 
84 84 84 84 0 0 0 0 0 0 0 0 0 
0 0 0 0 775 0 775 16 0 0 20 0 1 2 0 0 0
30 0 0 0 0 0 0 0 0 0 0 0 0 0 0 0 0 0 0 0 0 0 0 0 0 16 16 0 20 0 60 15 0 0 17 0 0 0 0 0 0 0 0 0 0 0 0 0 0 0 0 0 0 0 0 0 0 0 0 0 0 0 0 0 0 0 0 0 0 0 0 0 0 0 0 0 0 0 0 0 0 0 0 0 0 0 0 0 0 0 0 0 0 0 0 0 0 0 0 0 0 0 0 0 0 0 0 0 0 0 0 0 0 0 40 0 0 0 


1 0 0 0 -1 0
7 165 165 165 165 165 165 165 
0 
920 0 0 0 0 775 0 775 150
 12 12 12 12 0 0 0 0
 0 0 0 0 0 0 0 0
-1 12 -1 -1 -1 -1 
12 118 119 127 116 117 120 122 123 124 129 126 125 
 30 22 11 0 0  30 22 17 0 0  30 22 24 0 0  30 22 32 0 0  30 22 43 0 0  30 22 45 0 0  30 22 49 0 0  30 22 57 0 0  900 25 9 0 0  0  0  0  0  0  0  0  0  0  0  0  0  0  0  0  0  0  0  0  0  0  0  0  0  0  0  0  0  0  0  0  0  0  0  0  0  0  0  0  0  0  0  0  0  0  0  0  0  0  0  1 7 18 0 12 10 -1 14 0 16 3 0 495 1 430 16 400  1 16 15 0 10 10 -1 14 0 16 2 2 202 3 164  1 19 21 0 8 10 12 14 0 16 1 4 250  1 7 27 0 12 10 -1 14 0 16 3 0 615 1 535 16 400  1 18 15 0 8 10 -1 14 0 16 1 2 380  1 20 21 0 10 10 -1 14 0 16 2 2 80 6 734  1 21 15 0 10 10 -1 14 0 16 2 2 83 5 130 4
5
101
31  2 2 0 古代瑞兽
古代瑞兽 42157
42157  42157 1650 333 9355
3717
 3717 0 165 1403
150
150
165
 1113 1215 2813 2230 1287 1175 96  4 0 1 0 0 0 935 185 185 370 185
 4054 0 0 4054
 6832 0 0 6832
 3153 0 42 2221
 1124 0 0 1124
 1212 0 24 978
 185 0 0 185
0 136488050 2 0 100
3
27 87 43 
 0 1 0 1 0  1 32 15 0 10 10 -1 14 0 16 2 1 867 0 436  1 33 15 0 10 10 -1 14 0 16 2 5 131 4 51  1 34 15 0 10 10 -1 14 0 16 2 2 267 6 1182 
165 165 165 165 0 0 0 0 0 0 0 0 0 
0 0 0 0 825 0 825 0 0 10 0 0 1 2 0 0 0
0 0 0 0 0 0 0 0 0 0 0 0 0 0 0 0 0 0 0 0 0 0 0 0 0 0 0 0 0 0 0 0 0 0 36 0 0 0 0 0 0 0 0 0 0 0 0 0 0 0 0 0 0 0 0 0 0 0 0 0 0 0 0 0 0 0 0 0 0 0 0 0 0 0 0 0 0 0 0 0 0 0 0 0 0 0 0 0 0 0 0 0 0 0 0 0 0 0 0 0 0 0 0 0 0 0 0 0 0 0 0 0 0 0 30 0 0 0  2 2 


101
38  2 2 0 凤凰
凤凰 44716
44716  44716 1650 333 9946
7412
 7412 0 165 2797
150
150
165
 1257 1464 4097 3119 1406 1318 117  0 0 1 4 0 0 195 185 925 370 185
 2920 0 0 2920
 5391 0 0 5391
 3400 0 42 2395
 1626 0 0 1626
 1248 0 24 1007
 185 0 0 185
0 136488050 2 0 100
4
71 91 50 9 
 0 1 0 1 0  1 32 15 0 12 10 -1 14 0 16 3 1 876 0 357 4 40  1 33 15 0 10 10 -1 14 0 16 2 5 132 4 54  1 34 15 0 10 10 -1 14 0 16 2 2 270 6 1140 
165 165 165 165 0 0 0 0 0 0 0 0 0 
0 0 0 0 825 0 825 0 0 0 0 0 1 2 0 0 0
30 0 0 0 0 0 0 0 0 0 0 0 0 0 0 0 0 0 0 0 15 15 0 0 0 0 0 0 0 0 0 0 0 0 35 -10 0 0 0 0 0 0 0 0 0 0 0 0 0 0 0 0 0 0 0 0 0 0 0 0 0 0 0 0 0 0 0 0 0 0 0 0 0 0 0 0 0 0 0 0 0 0 0 0 0 0 0 0 0 0 0 0 0 30 0 0 0 0 0 0 0 0 0 0 0 0 0 0 0 0 0 0 0 0 0 0 0 0  2 2 


101
75  2 2 0 犀牛将军
犀牛将军 39748
39748  39748 1650 309 9315
6508
 6508 0 165 2456
150
150
165
 1020 1211 3540 2466 1338 1170 119  0 0 1 4 0 0 195 185 925 370 185
 2571 0 0 2571
 4857 0 0 4857
 2904 0 36 2136
 1539 0 0 1539
 1133 0 24 914
 185 0 0 185
0 136488050 3 0 100
3
87 57 59 
 0 1 0 1 0  1 32 15 0 12 10 -1 14 0 16 3 1 886 0 340 4 40  1 33 15 0 10 10 -1 14 0 16 2 5 132 4 52  1 34 15 0 10 10 -1 14 0 16 2 2 273 6 1193 
165 165 165 165 0 0 0 0 0 0 0 0 0 
0 0 0 0 825 0 825 0 0 0 0 30 1 2 0 0 0
0 0 0 0 0 0 10 0 0 0 0 0 0 0 0 0 0 0 0 0 0 0 0 0 0 0 0 0 0 0 0 0 0 0 35 0 0 0 0 0 0 0 0 0 0 0 0 0 0 0 0 0 0 0 0 0 0 0 0 0 0 0 0 0 0 0 0 0 0 0 0 0 0 0 0 0 0 0 0 0 0 0 0 0 0 0 0 0 0 0 0 0 0 0 0 0 0 0 0 0 0 0 0 0 0 0 0 0 0 0 0 0 0 0 0 0 0 0  2 2 


101
86  2 2 0 长眉灵猴
长眉灵猴 32758
32758  32758 1650 285 8080
7131
 7131 0 165 2691
150
150
165
 1037 1107 3470 3044 1133 916 110  0 0 1 4 0 0 195 185 925 370 185
 2314 0 0 2314
 4261 0 0 4261
 2455 0 30 1889
 1495 0 0 1495
 973 0 24 785
 185 0 0 185
0 136488050 3 0 100
4
43 57 55 87 
 0 1 0 1 0  1 32 15 0 12 10 -1 14 0 16 3 1 896 0 361 4 40  1 33 15 0 10 10 -1 14 0 16 2 5 133 4 55  1 34 15 0 10 10 -1 14 0 16 2 2 276 6 1150 
165 165 165 165 0 0 0 0 0 0 0 0 0 
0 0 0 0 825 0 825 0 0 0 0 0 1 2 0 0 0
0 0 0 0 0 0 10 0 0 0 0 0 0 0 20 0 0 0 0 0 0 0 0 0 0 0 0 0 0 0 0 0 0 0 34 0 0 0 0 0 0 0 0 0 0 0 0 0 0 0 0 0 0 0 0 0 0 0 0 0 0 0 0 0 0 0 0 0 0 0 0 0 0 0 0 0 0 0 0 0 0 0 0 0 0 0 0 0 0 0 0 0 0 0 0 0 0 0 0 0 0 0 0 0 0 0 0 0 0 0 0 0 0 0 30 0 0 0  2 2 


101
52  2 2 0 雾中仙
雾中仙 25927
25927  25927 1650 237 7204
7912
 7912 0 165 2986
150
150
165
 1280 1485 5034 3161 1289 1621 135  0 0 1 4 0 0 195 185 925 370 185
 1970 0 0 1970
 2832 0 0 2832
 1915 0 18 1623
 1381 0 0 1381
 715 0 18 606
 185 0 0 185
0 136488050 0 0 100
7
87 91 85 56 57 21 50 
 0 1 0 1 0  1 32 15 0 12 10 -1 14 0 16 3 1 906 0 344 4 40  1 33 15 0 10 10 -1 14 0 16 2 5 134 4 52  1 34 15 0 10 10 -1 14 0 16 2 2 250 6 1203 
165 165 165 165 0 0 0 0 0 0 0 0 0 
0 0 0 0 825 0 825 0 50 0 0 0 1 2 0 0 0
30 0 0 0 0 0 10 0 0 0 0 0 0 0 30 0 0 0 0 0 0 0 0 0 0 0 0 0 0 0 0 0 0 0 33 0 0 0 0 0 0 0 0 0 0 0 0 0 0 0 0 0 0 0 0 0 0 0 0 0 0 0 0 0 0 0 0 0 0 0 0 0 0 0 0 0 0 0 0 0 0 0 0 0 0 0 0 0 0 0 0 0 0 0 0 0 0 0 0 0 0 0 0 0 0 0 0 0 0 0 0 0 0 0 0 0 0 0  2 2 


1 46 0 0 -1  0  0 0 
-1 -1 -1 -1 -1 -1 -1 -1 

1 0 100 7  1  4 5 5 3 0  0  0  0 紫菜
紫菜 49675
49675  49675 980 146 19795
8026
 8026 0 98 4054
150
150
155
 2130 2165 100485 4825 1582 1582 176  0 0 1 4 0 0 185 175 795 330 175
 2095 0 0 2095
 905 0 0 905
 2153 0 12 1923
 1378 0 0 1378
 368 0 12 329
 975 0 0 975
0 67942432 3 100 100
0

 0 0 0 0 1  0  0  0 
98 98 98 98 0 0 0 0 0 0 0 0 0 
0 0 0 0 775 0 775 0 0 0 0 0 1 2 0 0 0
0 0 0 0 0 0 11 0 0 0 0 0 0 0 0 0 0 0 0 0 0 0 0 0 0 0 0 0 0 0 0 0 0 0 20 0 0 0 0 0 0 0 0 0 0 0 0 0 0 0 0 0 16 0 0 0 0 0 0 0 0 0 0 0 0 0 0 0 0 0 0 0 0 0 0 0 0 0 0 0 0 0 0 0 0 0 0 0 0 0 0 0 16 16 0 0 0 0 0 0 0 0 0 0 0 0 0 0 0 0 0 0 0 0 0 0 0 0 


1 0 0 0 -1 0
5 165 165 165 165 165 165 165 
0 
990 0 0 0 0 775 0 775 150
 12 12 12 12 0 0 0 0
 0 0 0 0 0 0 0 0
-1 -1 -1 -1 -1 -1 
5 140 131 132 133 138 
 30 22 11 0 0  30 22 17 0 0  30 22 24 0 0  30 22 32 0 0  30 22 43 0 0  30 22 45 0 0  30 22 49 0 0  30 22 57 0 0  900 25 9 0 0  0  0  0  0  0  0  0  0  0  0  0  0  0  0  0  0  0  0  0  0  0  0  0  0  0  0  0  0  0  0  0  0  0  0  0  0  0  0  0  0  0  0  0  0  0  0  0  0  0  0  1 6 18 0 16 10 -1 14 0 16 5 0 495 1 430 11 -4 9 6 16 400  1 16 15 0 10 10 -1 14 0 16 2 2 203 3 163  1 19 21 0 8 10 -1 14 0 16 1 4 259  1 9 27 0 12 10 -1 14 0 16 3 0 615 1 535 16 400  1 18 15 0 8 10 -1 14 0 16 1 2 363  1 20 21 0 10 10 -1 14 0 16 2 2 89 6 736  1 21 15 0 12 10 -1 14 0 16 3 2 83 5 53 16 400 1
2
101
48  2 2 0 净瓶女娲
净瓶女娲 40967
40967  40967 1650 309 9613
3988
 3988 0 165 1505
0
150
165
 1520 1553 4492 2312 1413 1425 127  4 0 1 0 0 0 935 185 185 370 185
 4517 0 5 4302
 6419 0 0 6419
 3103 0 36 2282
 1124 0 0 1124
 1149 0 24 927
 185 0 0 185
0 136488050 2 0 100
5
7 23 4 39 35 
 0 1 1 0 0  1 32 15 0 10 10 -1 14 0 16 2 1 904 0 429  1 33 15 0 10 10 -1 14 0 16 2 5 134 4 52  1 34 15 0 10 10 -1 14 0 16 2 2 278 6 1212 
165 165 165 165 0 0 0 0 0 0 0 0 0 
0 0 0 0 825 0 825 0 0 0 0 0 1 2 0 0 0
0 0 0 10 10 0 0 0 0 0 0 0 30 0 0 0 0 0 0 0 0 0 0 0 0 0 0 0 0 0 0 0 0 0 35 0 0 0 0 0 0 0 0 0 0 0 0 0 0 0 0 0 0 20 0 20 0 0 0 0 0 0 20 0 0 0 0 0 0 0 0 0 0 0 0 0 0 0 0 0 0 0 0 0 0 0 0 0 0 0 0 0 0 0 0 0 0 0 0 0 0 0 0 0 0 0 0 0 0 0 0 0 0 0 0 0 0 0  2 2 


101
50  2 2 0 灵符女娲
灵符女娲 40860
40860  40860 1650 309 9587
7467
 7467 0 165 2818
150
150
165
 1119 1411 5047 3039 1375 1285 124  0 0 1 4 0 0 195 185 925 370 185
 2685 0 0 2685
 4899 0 0 4899
 2962 0 36 2178
 1571 0 0 1571
 1125 0 24 908
 185 0 0 185
0 136488050 2 0 100
6
48 46 91 58 55 60 
 0 1 0 1 0  1 32 15 0 12 10 -1 14 0 16 3 1 913 0 359 4 40  1 33 15 0 10 10 -1 14 0 16 2 5 127 4 51  1 34 15 0 10 10 -1 14 0 16 2 2 251 6 1187 
165 165 165 165 0 0 0 0 0 0 0 0 0 
0 0 0 0 825 0 825 0 0 0 0 40 1 2 0 0 0
0 0 0 0 0 0 15 0 0 0 0 0 0 0 20 0 0 0 0 0 0 0 0 0 0 0 0 0 0 0 20 0 0 30 35 0 0 0 0 0 0 0 0 0 0 0 0 0 0 0 0 0 0 0 0 0 0 0 0 0 0 0 0 0 0 0 0 0 0 0 0 0 0 0 0 0 0 0 0 0 0 0 0 0 0 0 0 0 0 0 0 0 0 0 0 0 0 0 0 0 0 0 0 0 0 0 0 0 0 0 0 0 0 0 0 0 0 0  2 2 


1 46 0 0 -1  0  0 0 
-1 -1 -1 -1 -1 -1 -1 -1 

1 0 100 11  1  4 0 4 6 0  0  0  0 冷涯傲雪
冷涯傲雪 16603
16603  16603 980 146 6351
3407
 3407 0 98 1721
150
150
155
 665 1995 6990 2495 1565 1465 156  0 2 2 0 1 0 185 485 175 485 330
 1263 0 0 1263
 905 0 0 905
 2739 0 12 2446
 901 0 0 901
 725 0 12 648
 730 0 0 730
0 67942432 2 100 100
0

 0 0 0 0 1  0  0  0 
98 98 98 98 0 0 0 0 0 0 0 0 0 
0 0 0 0 775 0 775 0 0 0 0 0 1 2 0 0 1
0 0 0 0 0 0 0 0 0 0 0 0 0 0 0 0 0 0 0 0 0 0 0 0 0 0 0 0 0 0 0 0 0 0 20 0 0 0 0 0 0 0 0 0 0 0 0 0 0 0 0 0 0 0 0 0 0 0 0 0 0 0 0 0 0 0 0 0 0 0 0 0 0 0 0 0 0 0 0 0 0 0 0 0 0 0 0 0 0 0 0 0 0 8 0 8 0 8 0 8 0 0 0 0 0 0 0 0 0 0 0 0 0 0 0 0 0 0 


1 0 0 0 -1 0
10 165 165 165 165 165 165 165 
0 
990 0 0 0 0 775 0 775 150
 12 12 12 12 0 0 0 0
 0 0 0 0 0 0 0 0
-1 -1 -1 -1 -1 -1 
12 115 113 103 104 105 106 107 108 109 102 110 112 
 30 22 11 0 0  30 22 17 0 0  30 22 24 0 0  30 22 32 0 0  30 22 43 0 0  30 22 45 0 0  30 22 49 0 0  30 22 57 0 0  900 25 9 0 0  0  0  0  0  0  0  0  0  0  0  0  0  0  0  0  0  0  0  0  0  0  0  0  0  0  0  0  0  0  0  0  0  0  0  0  0  0  0  0  0  0  0  0  0  0  0  0  0  0  0  1 10 24 0 12 10 -1 14 0 16 3 0 495 1 430 16 400  1 16 15 0 10 10 -1 14 0 16 2 2 200 3 159  1 19 21 0 8 10 -1 14 0 16 1 4 252  1 10 27 0 12 10 -1 14 0 16 3 0 615 1 535 16 400  1 18 15 0 8 10 -1 14 0 16 1 2 358  1 20 21 0 10 10 -1 14 0 16 2 2 86 6 729  1 21 15 0 10 10 -1 14 0 16 2 2 80 5 132 2
3
101
41  2 2 0 如意仙子
如意仙子 40079
40079  40079 1650 309 9396
3747
 3747 0 165 1414
3
150
165
 1385 1353 3570 2167 1306 1277 121  4 0 1 0 0 0 935 185 185 370 185
 4362 0 5 4155
 6286 0 0 6286
 2963 0 36 2179
 1109 0 0 1109
 1122 0 24 905
 185 0 0 185
0 136488050 2 0 100
5
6 23 4 39 35 
 0 1 0 1 0  1 32 15 0 10 10 -1 14 0 16 2 1 843 0 428  1 33 15 0 10 10 -1 14 0 16 2 5 129 4 52  1 34 15 0 10 10 -1 14 0 16 2 2 260 6 1211 
165 165 165 165 0 0 0 0 0 0 0 0 0 
0 0 0 0 825 0 825 0 0 0 0 0 1 2 0 0 0
0 0 0 10 10 0 0 0 0 0 0 0 20 0 0 0 0 0 0 0 0 0 0 0 0 0 0 0 0 0 0 0 0 0 35 0 0 0 0 0 0 0 0 0 0 0 0 0 0 0 0 0 0 20 0 20 0 0 0 0 0 0 20 0 0 0 0 0 0 0 0 0 0 0 0 0 0 0 0 0 0 0 0 0 0 0 0 0 0 0 0 0 0 0 0 0 0 0 0 0 0 0 0 0 0 0 0 0 0 0 0 0 0 0 0 0 0 0  2 2 


101
86  2 2 0 长眉灵猴
长眉灵猴 33462
33462  33462 1650 285 8263
7213
 7213 0 165 2722
150
150
165
 970 1022 3655 3034 1112 922 114  0 0 1 4 0 0 195 185 925 370 185
 2308 0 0 2308
 4219 0 0 4219
 2371 0 30 1824
 1500 0 0 1500
 954 0 24 770
 185 0 0 185
0 136488050 3 0 100
4
43 57 55 87 
 0 1 0 1 0  1 32 15 0 12 10 -1 14 0 16 3 1 853 0 358 4 40  1 33 15 0 10 10 -1 14 0 16 2 5 130 4 51  1 34 15 0 10 10 -1 14 0 16 2 2 263 6 1186 
165 165 165 165 0 0 0 0 0 0 0 0 0 
0 0 0 0 825 0 825 0 0 0 0 0 1 2 0 0 0
0 0 0 0 0 0 10 0 0 0 0 0 0 0 20 0 0 0 0 0 0 0 0 0 0 0 0 0 0 0 0 0 0 0 34 0 0 0 0 0 0 0 0 0 0 0 0 0 0 0 0 0 0 0 0 0 0 0 0 0 0 0 0 0 0 0 0 0 0 0 0 0 0 0 0 0 0 0 0 0 0 0 0 0 0 0 0 0 0 0 0 0 0 0 0 0 0 0 0 0 0 0 0 0 0 0 0 0 0 0 0 0 0 0 30 0 0 0  2 2 


101
52  2 2 0 雾中仙
雾中仙 24919
24919  24919 1650 237 6905
8154
 8154 0 165 3077
150
150
165
 1365 1487 4518 3442 1151 1690 128  0 0 1 4 0 0 195 185 925 370 185
 1998 0 0 1998
 2809 0 0 2809
 1919 0 18 1627
 1389 0 0 1389
 682 0 18 578
 185 0 0 185
0 136488050 0 0 100
7
87 91 85 56 57 21 50 
 0 1 0 1 0  1 32 15 0 12 10 -1 14 0 16 3 1 863 0 348 4 40  1 33 15 0 10 10 -1 14 0 16 2 5 131 4 55  1 34 15 0 10 10 -1 14 0 16 2 2 266 6 1160 
165 165 165 165 0 0 0 0 0 0 0 0 0 
0 0 0 0 825 0 825 0 50 0 0 0 1 2 0 0 0
30 0 0 0 0 0 10 0 0 0 0 0 0 0 30 0 0 0 0 0 0 0 0 0 0 0 0 0 0 0 0 0 0 0 33 0 0 0 0 0 0 0 0 0 0 0 0 0 0 0 0 0 0 0 0 0 0 0 0 0 0 0 0 0 0 0 0 0 0 0 0 0 0 0 0 0 0 0 0 0 0 0 0 0 0 0 0 0 0 0 0 0 0 0 0 0 0 0 0 0 0 0 0 0 0 0 0 0 0 0 0 0 0 0 0 0 0 0  2 2 


1 46 0 0 -1  0  0 0 
-1 -1 -1 -1 -1 -1 -1 -1 


下面保存任务

0 

0 

5  想念你的雪人 58 27 50 21  想念你的雪人 57 27 50 20  想念你的雪人 58 27 50 21  想念你的雪人 57 27 50 20  想念你的雪人 58 27 50 21 

0 

2 2007 0 26
铁扇公主
长寿郊外
50 1 1
疥癞和尚
化生寺


地图trigger 14  2000 大唐首席弟子 1 大唐官府 137 62 2  1 1 18 1 0 
1 1 35  2001 化生首席弟子 1 化生寺 32 21 2  1 1 18 0 0 
1 2 35  2002 女儿首席弟子 1 女儿村 65 62 2  1 1 18 10 0 
1 3 35  2003 方寸首席弟子 1 方寸山 120 38 2  1 1 18 11 0 
1 4 35  2004 狮驼首席弟子 1 狮驼岭 110 85 2  1 1 18 3 0 
1 5 35  2005 魔王首席弟子 1 魔王寨 37 29 2  1 1 18 4 0 
1 6 35  2006 盘丝首席弟子 1 盘丝岭 139 40 2  1 1 18 6 0 
1 7 35  2007 地府首席弟子 1 阴曹地府 114 20 2  1 1 18 9 0 
1 8 35  2008 龙宫首席弟子 1 龙宫 81 43 2  1 1 18 5 0 
1 9 35  2009 五庄首席弟子 1 五庄观 40 43 2  1 1 18 2 0 
1 10 35  2010 普陀首席弟子 1 普陀山 70 21 2  1 1 18 7 0 
1 11 35  2011 天宫首席弟子 1 天宫 212 27 2  1 1 18 8 0 
1 12 35  1084 十二门派任务人 1 长安城 107 200 3 
1 13 35  -1 1 水陆大会 1 2 50 

1 2009 0 8 160 

5  想念你的雪人 58 27 50 21  想念你的雪人 57 27 50 20  想念你的雪人 58 27 50 21  想念你的雪人 57 27 50 20  想念你的雪人 58 27 50 21 
-1 
2 
门派闯关
去长安107,200参加12门派
-1 35 0 
副本
得到了副本任务,可以从#R化生寺#R的#R疥癞和尚#R处进入副本
100 50 1 0
////////////////保存剧情
7 
2 
-1 
-1 
0 
保存好友列表
10

 0 0 0 0 0 敖白 敖白 0 100 8 -1 -1 0 29699999 0 -1  0 0 -1  0 2  6 海毛虫 4 23 2 41 62 0  4 0 1 0 0 0  1263 803 1914 1103 1291 906 61 0 
 120 泡泡 4 0 6 25 37 300000  4 0 1 0 0 0  1361 1360 4191 2179 1248 1218 104 0 
1

 0 0 0 0 0 怀念 怀念 0 100 0 -1 -1 0 29699999 0 -1  0 0 -1  0 2  6 海毛虫 4 23 2 41 62 0  4 0 1 0 0 0  1285 748 1959 1191 1288 912 63 0 
 120 泡泡 4 0 6 25 37 300000  4 0 1 0 0 0  1357 1382 4045 2147 1266 1229 105 0 
1

 0 0 0 0 0 燕子 燕子 0 100 2 -1 -1  1  4 4 6 4 0  0  0  0 29299999 0 -1  0 0 -1  0 4  120 泡泡 4 0 6 25 37 300000  4 0 1 0 0 0  1388 1332 4019 2014 1272 1234 105 0 
 38 凤凰 4 71 91 50 9 200000  0 0 1 4 0 0  1352 1405 4168 2887 1348 1283 119 0 
 107 超级神兔 7 1 7 15 24 40 5 17 0  4 0 1 0 0 0  1543 1379 7033 2531 1644 1667 135 0 
 75 犀牛将军 3 87 57 59 200000  0 0 1 4 0 0  1068 1319 3235 2597 1212 1103 112 0 
3

 0 0 0 0 0 清风 清风 0 100 1 -1 -1  1  4 0 2 1 0  0  0  0 29599999 0 -1  0 0 -1  0 3  120 泡泡 4 0 6 25 37 300000  4 0 1 0 0 0  1367 1310 4312 2079 1253 1262 100 0 
 31 古代瑞兽 3 27 87 43 100000  4 0 1 0 0 0  1143 1202 3338 2057 1336 1115 100 0 
 106 超级海豚 7 74 89 73 34 52 56 48 0  0 0 1 4 0 0  1504 1368 7177 3672 1216 1296 133 0 
2

 0 0 0 0 0 傻妞 傻妞 0 100 15 -1 -1  1  4 6 5 6 0  0  0  0 29699999 0 -1  0 0 -1  0 2  120 泡泡 4 0 6 25 37 300000  4 0 1 0 0 0  1331 1311 4173 2141 1253 1241 101 0 
 95 超级大熊猫 5 0 6 16 24 29 0  4 0 1 0 0 0  1334 1034 6006 2104 1294 1201 121 0 
1

 0 0 0 0 0 小蛮 小蛮 0 100 12 -1 -1  1  4 5 6 0 0  0  0  0 29499999 0 -1  0 0 -1  0 3  31 古代瑞兽 3 27 87 43 100000  4 0 1 0 0 0  1068 1328 3213 2080 1339 1217 99 0 
 38 凤凰 4 71 91 50 9 200000  0 0 1 4 0 0  1292 1339 4219 2989 1367 1219 120 0 
 75 犀牛将军 3 87 57 59 200000  0 0 1 4 0 0  1106 1318 3322 2421 1326 1235 119 0 
2

 0 0 0 0 0 四季 四季 0 100 10 -1 -1 0 28249999 0 -1  0 0 -1  0 5  31 古代瑞兽 3 27 87 43 100000  4 0 1 0 0 0  1113 1215 2813 2230 1287 1175 96 0 
 38 凤凰 4 71 91 50 9 200000  0 0 1 4 0 0  1257 1464 4097 3119 1406 1318 117 0 
 75 犀牛将军 3 87 57 59 200000  0 0 1 4 0 0  1020 1211 3540 2466 1338 1170 119 0 
 86 长眉灵猴 4 43 57 55 87 250000  0 0 1 4 0 0  1037 1107 3470 3044 1133 916 110 0 
 52 雾中仙 7 87 91 85 56 57 21 50 1000000  0 0 1 4 0 0  1280 1485 5034 3161 1289 1621 135 0 
4

 0 0 0 0 0 冷涯傲雪 冷涯傲雪 0 100 11 -1 -1 0 28749999 0 -1  0 0 -1  0 3  41 如意仙子 5 6 23 4 39 35 0  4 0 1 0 0 0  1385 1353 3570 2167 1306 1277 121 0 
 86 长眉灵猴 4 43 57 55 87 250000  0 0 1 4 0 0  970 1022 3655 3034 1112 922 114 0 
 52 雾中仙 7 87 91 85 56 57 21 50 1000000  0 0 1 4 0 0  1365 1487 4518 3442 1151 1690 128 0 
2

 0 0 0 0 0 小胖手 小胖手 0 100 4 4 21 0 29999999 0 -1  0 0 -1  0 1  85 画魂 5 48 46 91 58 55 0  0 0 1 4 0 0  1213 1634 3330 2856 1116 1221 116 0 
0

 0 0 0 0 0 紫菜 紫菜 0 100 7 -1 -1 0 29999999 0 -1  0 0 -1  0 2  48 净瓶女娲 5 7 23 4 39 35 0  4 0 1 0 0 0  1520 1553 4492 2312 1413 1425 127 0 
 50 灵符女娲 6 48 46 91 58 55 60 0  0 0 1 4 0 0  1119 1411 5047 3039 1375 1285 124 0 
1

0 0  0  1039 管家 0 11 9 0 
0  家具 0 0 11 
8  -1 0 0  5 尤存瑞 1 长寿郊外 39 61 0  0 0 0 

1 0 0 1 2  1117 道场督僧 1 水陆大会 35 37 3 
1 3 50  1118 桃树 1 水陆大会 93 80 1 
1 6 50 0 0 
0 活动 0 11 0 1 2007 27 24 
全局变量
80 1000 155 1 50 10 12 0 0 0 0 0 7 0 2000 2000 1 1 0 0 0 0 0 0 0 0 0 0 0 0 0 
0 0 0 0 0 0 0 0 0 0 0 0 0 0 0 0 0 0 0 0 0 0 0 0 0 0 0 0 0 0 0 0 0 0 0 0 0 0 0 0 0 0 0 0 0 0 0 0 0 0 0 0 0 0 0 0 0 0 0 0 0 0 0 0 0 0 0 0 0 25152 0 0 0 0 0 0 0 0 0 0 0 0 0 0 0 0 0 0 0 0 0 0 0 0 0 0 0 0 0 0 0 0 0 0 0 0 0 0 0 0 0 0 0 0 0 0 0 0 0 0 0 0 0 0 0 0 0 0 0 0 0 0 0 0 0 0 0 0 0 0 0 0 0 0 0 0 0 0 0 0 0 0 0 0 0 0 0 0 0 0 0 0 0 0 0 0 0 0 0 334 0 0 0 0 0 0 0 0 0 0 0 0 0 0 0 0 0 0 0 0 0 0 0 0 0 0 0 0 0 0 0 0 0 0 0 0 0 0 0 0 0 0 0 0 0 0 0 0 0 0 0 0 0 0 0 
长寿郊外 172 51 
0 0 0 0 