116 70 2 728 
0 0 0 0 1 3 4 2 5 6 8 9 7 10 11 12 13 14 15 16 17 18 19 
1 0 100 1 0 篮子
篮子 1610
1610  1610 0 20 1342
553
 553 0 0 553
150
150
70
 1660 1080 5500 1490 1330 1380 144  5 0 0 0 0 0 450 90 90 90 90
 1349 0 0 1349
 1155 0 0 1155
 635 0 5 605
 450 0 0 450
 149 0 0 149
 90 0 0 90
4634161 847923 4 100 100
7
5 40 38 11 24 7 75 
 0 0 0 0 1  0  0  0 
0 0 0 0 0 0 0 0 0 0 0 0 0 
12 1 11 0 350 0 350 25 20 0 0 0 1 4 5 1 2
111 0 0 20 20 0 5 0 10 0 10 0 42 0 2 0 0 0 5 0 0 0 0 0 0 0 0 0 0 0 0 0 0 0 0 0 20 0 1 20 0 0 0 0 0 0 0 0 0 0 0 0 0 30 20 30 10 0 60 0 5 0 38 0 0 0 0 0 145 0 0 0 1 5 1 0 0 0 0 0 0 0 0 0 0 0 83 35 0 0 20 0 0 0 0 0 0 0 0 0 0 0 0 0 0 0 0 0 0 0 0 0 0 0 40 0 0 0 


0 0 0 0 -1 0
4 80 80 80 80 80 80 80 
0 
850 33417166 0 0 0 350 0 350 150
 0 0 0 0 0 0 0 0
 0 0 0 0 0 0 0 0
-1 -1 -1 -1 7 -1 
9 152 149 144 150 145 81 148 141 142 
 1 24 12 0 1 0  1 24 13 0 1 0  1 24 14 0 1 0  1 24 15 0 1 0  92 27 0 0 0  1 28 12 1 阴曹地府 3 19 49 56  7 22 2 0 0  93 22 22 0 0  1 27 2 0 0  1 40 6 0 0  1 24 16 0 1 0  0  0  0  0  0  0  0  0  0  1 29 0 0 0  0  0  0  0  0  0  0  0  0  0  0  0  0  0  0  0  0  0  0  0  0  0  0  0  0  0  0  0  0  1 24 28 0 1 0  1 24 26 0 1 0  1 24 24 0 1 0  1 24 23 0 1 0  1 24 8 0 1 0  1 24 7 0 1 0  1 24 5 0 1 0  1 24 9 0 1 0  1 24 4 0 1 0  1 24 10 0 1 0  1 15 7 0 10 0 -1 -1 -1 -1 2 2 42 3 77  1 19 11 0 8 0 -1 -1 -1 -1 1 4 100  1 5 7 0 10 0 -1 -1 -1 -1 2 0 295 1 255  1 17 7 0 8 0 -1 -1 -1 -1 1 2 126  1 20 11 0 10 0 7 -1 -1 -1 2 2 47 6 180  1 21 7 0 10 0 -1 -1 -1 -1 2 2 44 5 30 2
3
101
157  3 3 0 海毛虫
海毛虫 7700
8214  9642 2110 211 2422
7125
 7125 0 211 2291
150
150
80
 1500 1500 7000 7000 1500 1200 153  0 0 1 4 0 0 100 100 428 182 100
 663 0 0 663
 654 0 0 654
 564 0 0 564
 650 0 0 650
 181 0 0 181
 100 0 0 100
38417088 1261106 2 0 100
16
3 17 87 50 56 26 32 48 58 13 60 15 19 54 34 102 
 0 1 0 1 0  1 32 7 0 10 0 -1 -1 -1 -1 2 1 454 0 170  1 33 7 0 10 0 -1 -1 -1 -1 2 5 39 4 27  1 34 7 0 10 0 -1 -1 -1 -1 2 2 137 6 459 
80 80 80 0 0 0 0 0 0 0 0 0 0 
0 20 0 0 2145 0 2145 0 0 10 0 40 1 2 0 2 0
30 30 0 0 0 -20 15 -20 0 0 0 0 0 0 100 0 0 0 0 0 25 25 0 0 0 0 0 0 0 0 10 0 -10 0 0 30 0 0 0 0 0 0 0 0 0 0 0 0 0 0 0 0 0 0 100 0 0 0 100 0 0 0 0 0 0 0 0 0 147 0 0 0 0 0 0 0 0 0 0 0 0 0 0 0 0 0 0 0 0 0 0 0 0 0 0 0 0 0 0 0 0 0 0 0 0 0 0 0 0 0 0 0 0 0 70 0 0 0  3 3 


101
120  0 0 0 泡泡
泡泡 348
348  348 0 0 348
130
 130 0 0 130
0
150
14
 1359 1345 4334 2072 1223 1294 100  4 0 1 0 0 0 100 34 34 48 34
 166 0 0 166
 200 0 0 200
 92 0 5 88
 98 0 0 98
 41 0 0 41
 34 0 0 34
0 7693 3 0 100
4
0 6 25 37 
 0 1 0 1 0  0  0  0 
0 0 0 0 0 0 0 0 0 0 0 0 0 
0 0 0 0 70 0 70 0 0 0 0 0 0 2 0 0 0
0 0 0 0 0 -10 0 -10 0 0 0 0 20 0 0 0 0 0 0 0 0 0 0 0 0 0 0 0 0 0 0 0 0 0 0 0 0 0 0 0 0 0 0 0 0 0 0 0 0 0 0 0 30 0 0 0 0 0 0 0 0 0 0 0 0 0 0 0 0 0 0 0 0 0 0 0 0 0 0 0 0 0 0 0 0 0 0 0 0 0 0 0 0 0 0 0 0 0 0 0 0 0 0 0 0 0 0 0 0 0 0 0 0 0 0 0 0 0  0 0 


101
24  0 0 0 蜘蛛精
蜘蛛精 756
756  756 0 0 0
227
 227 0 0 0
0
150
44
 1264 1085 2761 1125 1176 1277 98  4 0 1 0 0 0 250 64 64 108 64
 439 0 0 0
 500 0 0 0
 193 0 0 0
 222 0 0 0
 75 0 0 0
 64 0 0 0
27945 214222 3 0 40
2
41 7 
 0 1 0 1 0  0  0  0 
0 0 0 0 0 0 0 0 0 0 0 0 0 
0 0 0 0 220 0 220 0 0 0 0 0 0 2 0 0 0
0 0 0 0 0 0 0 0 0 0 0 0 30 0 0 0 0 0 0 0 0 0 0 0 0 0 10 0 0 0 10 0 10 0 0 0 0 0 0 0 0 0 0 0 0 0 0 0 0 0 0 0 0 0 0 0 0 0 0 0 0 0 0 0 0 0 0 0 0 0 0 0 0 0 0 0 0 0 0 0 0 0 0 0 0 0 0 0 0 0 0 0 0 0 0 0 0 0 0 0 0 0 0 0 0 0 0 0 0 0 0 0 0 0 0 0 0 0  0 0 


0 0 -1  0  0 0 
149 -1 -1 -1 -1 -1 -1 -1 

1 0 100 2 0 燕子
燕子 6394
6394  6394 1310 131 2201
2374
 2374 0 131 1028
150
150
70
 1860 1740 11560 3160 1580 1580 158  4 1 0 0 0 0 380 160 90 90 90
 1406 0 0 1406
 1215 0 0 1215
 1049 0 12 937
 506 0 0 506
 203 0 0 203
 90 0 0 90
0 847923 4 100 100
5
24 44 5 11 80 
 0 0 0 0 1  0  0  0 
67 67 67 67 0 0 0 0 0 0 0 0 0 
0 0 0 0 350 0 350 20 0 0 0 0 1 2 0 0 1
0 0 0 0 20 0 0 0 0 0 0 0 0 0 0 0 0 0 0 0 0 0 0 0 0 0 0 0 0 0 0 15 0 0 13 0 0 0 0 0 0 0 0 0 0 0 0 0 0 0 0 0 0 0 0 0 0 0 0 0 0 0 30 0 0 0 0 0 0 0 0 0 30 0 0 0 0 0 0 0 0 0 0 0 0 0 0 30 0 0 0 0 0 0 0 0 0 0 0 0 0 0 0 0 0 0 0 0 0 0 0 0 0 0 40 0 0 0 


0 0 0 0 -1 0
0 80 80 80 80 80 80 80 
0 
600 0 0 0 0 350 0 350 150
 0 0 0 0 0 0 0 0
 0 0 0 0 0 0 0 0
-1 -1 -1 1 -1 -1 
6 4 3 0 1 2 6 
 30 22 6 0 0  30 22 14 0 0  30 22 21 0 0  30 22 28 0 0  30 22 41 0 0  30 22 44 0 0  30 22 49 0 0  30 22 55 0 0  900 25 4 0 0  0  0  0  0  0  0  0  0  0  0  0  0  0  0  0  0  0  0  0  0  0  0  0  0  0  0  0  0  0  0  0  0  0  0  0  0  0  0  0  0  0  0  0  0  0  0  0  0  0  0  1 10 6 0 12 4 -1 14 -1 -1 3 0 283 1 320 8 3  1 16 7 0 14 4 -1 14 -1 -1 4 2 47 3 78 1 100 0 28  1 19 11 0 8 4 -1 14 -1 -1 1 4 120  1 10 7 0 10 4 -1 14 -1 -1 2 0 323 1 355  1 18 7 0 8 4 1 14 -1 -1 1 2 184  1 20 12 0 10 4 -1 14 -1 -1 2 2 46 6 317  1 21 7 0 10 4 -1 14 -1 -1 2 2 42 5 61 -1
2
101
120  1 1 0 泡泡
泡泡 5503
5503  5503 800 80 2613
1171
 1171 0 80 651
0
150
80
 1337 1316 4170 2050 1293 1230 105  4 0 1 0 0 0 470 100 100 190 100
 1260 0 0 1260
 1822 0 0 1822
 774 0 17 662
 468 0 0 468
 238 0 0 238
 100 0 0 100
0 1261106 3 0 100
4
0 6 25 37 
 0 1 1 0 0  1 32 7 0 10 3 -1 14 -1 -1 2 1 498 0 214  1 33 7 0 10 3 -1 14 -1 -1 2 5 59 4 29  1 34 7 0 10 3 -1 14 -1 -1 2 2 157 6 585 
80 80 80 80 0 0 0 0 0 0 0 0 0 
0 0 0 0 400 0 400 0 0 0 0 0 1 2 0 0 0
0 0 0 0 0 -10 0 -10 0 0 0 0 20 0 0 0 0 0 0 0 0 0 0 0 0 0 0 0 0 0 0 0 0 0 17 0 0 0 0 0 0 0 0 0 0 0 0 0 0 0 0 0 30 0 0 0 0 0 0 0 0 0 0 0 0 0 0 0 0 0 0 0 0 0 0 0 0 0 0 0 0 0 0 0 0 0 0 0 0 0 0 0 0 0 0 0 0 0 0 0 0 0 0 0 0 0 0 0 0 0 0 0 0 0 0 0 0 0  1 1 


101
31  1 1 0 古代瑞兽
古代瑞兽 5298
5298  5298 800 80 2499
1252
 1252 0 80 696
37
150
80
 1115 1337 2877 2238 1277 1224 100  4 0 1 0 0 0 470 100 100 190 100
 1194 0 0 1194
 1751 0 0 1751
 713 0 12 637
 472 0 0 472
 231 0 0 231
 100 0 0 100
0 1261106 2 0 100
3
27 87 43 
 0 1 0 1 0  1 32 7 0 10 3 -1 14 -1 -1 2 1 417 0 223  1 33 7 0 10 3 -1 14 -1 -1 2 5 53 4 30  1 34 7 0 10 3 -1 14 -1 -1 2 2 132 6 608 
80 80 80 80 0 0 0 0 0 0 0 0 0 
0 0 0 0 400 0 400 0 0 10 0 0 1 2 0 0 0
0 0 0 0 0 0 0 0 0 0 0 0 0 0 0 0 0 0 0 0 0 0 0 0 0 0 0 0 0 0 0 0 0 0 17 0 0 0 0 0 0 0 0 0 0 0 0 0 0 0 0 0 0 0 0 0 0 0 0 0 0 0 0 0 0 0 0 0 0 0 0 0 0 0 0 0 0 0 0 0 0 0 0 0 0 0 0 0 0 0 0 0 0 0 0 0 0 0 0 0 0 0 0 0 0 0 0 0 0 0 0 0 0 0 30 0 0 0  1 1 


0 0 -1  0  0 0 
-1 -1 -1 -1 -1 -1 -1 -1 

0 0 1 0 100 12 0 小蛮
小蛮 2842
2842  2842 640 64 1343
2209
 2209 0 64 1347
105
150
70
 580 1540 4400 3400 1340 1540 128  0 1 0 4 0 0 100 160 368 90 90
 820 0 0 820
 675 0 0 675
 995 0 14 873
 594 0 0 594
 147 0 0 147
 530 0 0 530
0 847923 4 100 100
2
56 47 
 0 0 0 0 1  0  0  0 
64 64 64 64 0 0 0 0 0 0 0 0 0 
0 0 0 0 350 0 350 0 0 0 0 0 1 2 0 0 0
0 0 0 0 0 0 0 0 0 0 0 0 0 0 30 0 0 0 0 0 0 0 0 0 0 0 0 0 0 0 10 0 0 0 13 0 0 0 0 0 0 0 0 0 0 0 0 0 0 0 0 0 0 0 0 0 0 0 0 0 0 0 0 0 0 0 0 0 0 0 0 0 0 0 0 0 0 0 0 0 0 0 0 0 0 0 0 0 0 0 0 0 0 0 0 0 8 8 0 0 0 0 0 0 0 0 0 0 0 0 0 0 0 0 0 0 0 0 


0 0 0 0 -1 0
8 80 80 80 80 80 80 80 
0 
820 0 0 0 0 350 0 350 105
 0 0 0 0 0 0 0 0
 0 0 0 0 0 0 0 0
-1 -1 -1 -1 -1 -1 
6 77 80 79 147 83 84 
 30 22 6 0 0  30 22 14 0 0  30 22 21 0 0  30 22 28 0 0  30 22 41 0 0  30 22 44 0 0  30 22 49 0 0  30 22 55 0 0  900 25 4 0 0  0  0  0  0  0  0  0  0  0  0  0  0  0  0  0  0  0  0  0  0  0  0  0  0  0  0  0  0  0  0  0  0  0  0  0  0  0  0  0  0  0  0  0  0  0  0  0  0  0  0  1 12 6 0 0  1 16 7 0 10 4 -1 14 -1 -1 2 2 89 3 83  1 19 11 0 8 4 -1 14 -1 -1 1 4 133  1 12 7 0 12 4 -1 14 -1 -1 3 0 295 1 255 16 160  1 18 7 0 8 4 -1 14 -1 -1 1 2 183  1 20 12 0 10 4 -1 14 -1 -1 2 2 40 6 344  1 21 7 0 12 4 -1 14 -1 -1 3 2 40 5 27 16 160 0
1
101
31  1 1 0 古代瑞兽
古代瑞兽 4223
4223  4223 800 80 1902
1225
 1225 0 80 681
150
150
80
 1095 1267 3333 2196 1337 1217 96  4 0 1 0 0 0 470 100 100 190 100
 956 0 0 956
 1374 0 0 1374
 528 0 6 499
 442 0 0 442
 187 0 0 187
 100 0 0 100
0 1261106 2 0 100
3
27 87 43 
 0 1 0 1 0  1 32 7 0 10 3 -1 14 -1 -1 2 1 434 0 199  1 33 7 0 10 3 -1 14 -1 -1 2 5 54 4 27  1 34 7 0 10 3 -1 14 -1 -1 2 2 137 6 542 
80 80 80 80 0 0 0 0 0 0 0 0 0 
0 0 0 0 400 0 400 0 0 10 0 0 1 2 0 0 0
0 0 0 0 0 0 0 0 0 0 0 0 0 0 0 0 0 0 0 0 0 0 0 0 0 0 0 0 0 0 0 0 0 0 16 0 0 0 0 0 0 0 0 0 0 0 0 0 0 0 0 0 0 0 0 0 0 0 0 0 0 0 0 0 0 0 0 0 0 0 0 0 0 0 0 0 0 0 0 0 0 0 0 0 0 0 0 0 0 0 0 0 0 0 0 0 0 0 0 0 0 0 0 0 0 0 0 0 0 0 0 0 0 0 30 0 0 0  1 1 


0 0 -1  0  0 0 
-1 -1 -1 -1 -1 -1 -1 -1 

1 0 100 1 0 清风
清风 4512
4512  4512 640 64 2361
1172
 1172 0 64 715
96
150
70
 1280 1640 4800 2240 1280 1280 123  0 2 2 0 1 0 106 230 96 230 169
 993 0 0 993
 687 0 0 687
 1150 0 14 1009
 397 0 0 394
 278 0 0 278
 449 0 0 449
0 847923 4 100 100
0

 0 0 0 0 1  0  0  0 
64 64 64 64 0 0 0 0 0 0 0 0 0 
0 0 0 0 350 0 350 0 0 0 0 0 1 2 0 0 0
0 0 0 0 0 0 0 0 0 0 0 0 0 0 0 0 0 0 0 0 0 0 0 0 0 0 0 0 0 0 0 0 0 0 13 0 0 0 0 0 0 0 0 0 0 0 0 0 0 0 0 0 0 0 0 0 0 0 0 0 0 0 0 0 0 0 0 0 0 0 0 0 0 0 0 0 0 0 0 0 0 0 0 0 0 0 0 0 0 0 0 0 0 0 0 0 0 0 0 0 0 0 0 0 0 0 0 0 0 0 0 0 0 0 0 0 0 0 


0 0 0 0 -1 0
1 80 80 80 80 80 80 80 
0 
820 0 0 0 0 350 0 350 96
 0 0 0 0 0 0 0 0
 0 0 0 0 0 0 0 0
-1 -1 -1 -1 -1 -1 
13 31 33 34 35 36 37 38 39 40 41 42 43 44 
 30 22 6 0 0  30 22 14 0 0  30 22 21 0 0  30 22 28 0 0  30 22 41 0 0  30 22 44 0 0  30 22 49 0 0  30 22 55 0 0  900 25 4 0 0  0  0  0  0  0  0  0  0  0  0  0  0  0  0  0  0  0  0  0  0  0  0  0  0  0  0  0  0  0  0  0  0  0  0  0  0  0  0  0  0  0  0  0  0  0  0  0  0  0  0  1 5 6 0 0  1 15 7 0 10 4 -1 14 -1 -1 2 2 94 3 75  1 19 12 0 8 4 -1 14 -1 -1 1 4 122  1 5 7 0 16 4 -1 14 -1 -1 5 0 295 1 255 10 6 7 6 16 160  1 17 7 0 8 4 -1 14 -1 -1 1 2 184  1 20 11 0 10 4 -1 14 -1 -1 2 2 44 6 328  1 21 7 0 10 4 -1 14 -1 -1 2 2 45 5 62 2
3
101
13  1 1 0 老虎
老虎 4718
4718  4718 800 80 2177
684
 684 0 80 380
0
150
80
 1468 1316 3096 1157 1305 1254 72  4 0 1 0 0 0 470 100 100 190 100
 1210 0 5 1153
 1819 0 0 1819
 691 0 12 617
 441 0 0 441
 239 0 0 239
 100 0 0 100
0 1261106 3 0 100
4
23 35 16 39 
 0 1 1 0 0  1 32 7 0 10 3 -1 14 -1 -1 2 1 456 0 224  1 33 7 0 10 3 -1 14 -1 -1 2 5 56 4 31  1 34 7 0 10 3 -1 14 -1 -1 2 2 144 6 610 
80 80 80 80 0 0 0 0 0 0 0 0 0 
10 0 0 0 400 0 400 0 0 0 0 0 1 2 0 0 0
0 0 0 10 10 0 0 0 0 0 0 0 0 0 0 0 0 0 0 0 0 0 0 0 0 0 0 0 0 0 0 0 0 0 17 0 0 0 0 0 0 0 0 0 0 0 0 0 0 0 0 0 0 20 0 20 0 0 0 0 0 0 0 0 0 0 0 0 0 0 0 0 0 0 0 0 0 0 0 0 0 0 0 0 0 0 0 0 0 0 0 0 0 0 0 0 0 0 0 0 0 0 0 0 0 0 0 0 0 0 0 0 0 0 0 0 0 0  1 1 


101
31  1 1 0 古代瑞兽
古代瑞兽 5179
5179  5179 800 80 2433
1180
 1180 0 80 656
14
150
80
 1065 1294 2843 2087 1331 1234 100  4 0 1 0 0 0 470 100 100 190 100
 1154 0 0 1154
 1839 0 0 1839
 734 0 12 656
 465 0 0 465
 244 0 0 244
 100 0 0 100
0 1261106 2 0 100
3
27 87 43 
 0 1 0 1 0  1 32 7 0 10 3 -1 14 -1 -1 2 1 466 0 197  1 33 7 0 10 3 -1 14 -1 -1 2 5 57 4 26  1 34 7 0 10 3 -1 14 -1 -1 2 2 147 6 543 
80 80 80 80 0 0 0 0 0 0 0 0 0 
0 0 0 0 400 0 400 0 0 10 0 0 1 2 0 0 0
0 0 0 0 0 0 0 0 0 0 0 0 0 0 0 0 0 0 0 0 0 0 0 0 0 0 0 0 0 0 0 0 0 0 17 0 0 0 0 0 0 0 0 0 0 0 0 0 0 0 0 0 0 0 0 0 0 0 0 0 0 0 0 0 0 0 0 0 0 0 0 0 0 0 0 0 0 0 0 0 0 0 0 0 0 0 0 0 0 0 0 0 0 0 0 0 0 0 0 0 0 0 0 0 0 0 0 0 0 0 0 0 0 0 30 0 0 0  1 1 


101
106  1 1 0 超级海豚
超级海豚 5647
5647  5647 800 80 2693
2858
 2858 0 80 1588
9
150
80
 1511 1342 7056 3679 1276 1222 132  0 0 1 4 0 0 110 100 460 190 100
 758 0 0 758
 681 0 0 681
 602 0 6 568
 620 0 0 620
 226 0 20 189
 100 0 0 100
0 1261106 2 0 100
7
74 89 73 34 52 56 48 
 0 1 0 1 0  1 32 7 0 12 4 -1 14 -1 -1 3 1 461 0 190 4 16  1 33 7 0 10 4 -1 14 -1 -1 2 5 62 4 30  1 34 7 0 10 4 -1 14 -1 -1 2 2 145 6 625 
80 80 80 80 0 0 0 0 0 0 0 0 0 
0 0 0 0 400 0 400 0 0 0 20 0 1 2 0 0 0
0 0 0 0 0 0 0 0 0 0 0 0 0 0 30 0 0 0 0 0 0 0 0 0 0 0 0 0 0 0 20 0 0 0 16 30 0 0 0 0 0 0 0 0 0 0 0 0 0 0 0 0 0 0 0 0 0 0 0 0 0 0 0 0 0 0 0 0 0 0 0 0 0 0 0 0 0 0 0 0 0 0 0 0 0 0 0 0 0 0 0 0 0 0 0 0 0 30 0 0 0 0 0 0 0 0 0 0 0 0 0 0 0 0 0 0 0 0  1 1 


0 0 -1  0  0 0 
-1 -1 -1 -1 -1 -1 -1 -1 


下面保存任务

0 

0 

0 

0 

2 2007 0 9
康太尉
月宫
2007 0 106
姜国师
子母河底


地图trigger 0 

1 2009 0 4 80 

0 
-1 
1 
主线
找月香侍女(月宫98 57)
0 2007 0 0
////////////////保存剧情
4 
0 
-1 
-1 
0 
保存好友列表
8

 0 0 0 0 0 紫菜 紫菜 0 100 7 9 2 0 29999999 0 -1  0 0 -1  0 1  6 海毛虫 4 23 2 41 62 0  4 0 1 0 0 0  1296 785 1661 1114 1344 918 66 0 
0

 0 0 0 0 0 敖白 敖白 0 100 8 2 2 0 29999999 0 -1  0 0 -1  0 1  6 海毛虫 4 23 2 41 62 0  4 0 1 0 0 0  1246 747 1768 1010 1317 853 68 0 
0

 0 0 0 0 0 怀念 怀念 0 100 0 1 2 0 29999999 0 -1  0 0 -1  0 1  6 海毛虫 4 23 2 41 62 0  4 0 1 0 0 0  1301 724 1845 1098 1313 860 70 0 
0

 0 0 0 0 0 燕子 燕子 0 100 2 10 5 0 29599999 0 -1  0 0 -1  0 2  120 泡泡 4 0 6 25 37 300000  4 0 1 0 0 0  1337 1316 4170 2050 1293 1230 105 0 
 31 古代瑞兽 3 27 87 43 100000  4 0 1 0 0 0  1115 1337 2877 2238 1277 1224 100 0 
1

 0 0 0 0 0 清风 清风 0 100 1 5 5 0 29879999 0 -1  0 0 -1  0 3  13 老虎 4 23 35 16 39 20000  4 0 1 0 0 0  1468 1316 3096 1157 1305 1254 72 0 
 31 古代瑞兽 3 27 87 43 100000  4 0 1 0 0 0  1065 1294 2843 2087 1331 1234 100 0 
 106 超级海豚 7 74 89 73 34 52 56 48 0  0 0 1 4 0 0  1511 1342 7056 3679 1276 1222 132 0 
2

 0 0 0 0 0 傻妞 傻妞 0 100 15 9 6 0 29879999 0 -1  0 0 -1  0 3  13 老虎 4 23 35 16 39 20000  4 0 1 0 0 0  1503 1227 3279 1124 1242 1227 74 0 
 95 超级大熊猫 5 0 6 16 24 29 0  4 0 1 0 0 0  1311 1068 6360 2104 1206 1243 120 0 
 31 古代瑞兽 3 27 87 43 100000  4 0 1 0 0 0  1003 1248 2944 2286 1228 1198 101 0 
2

 0 0 0 0 0 冷涯傲雪 冷涯傲雪 0 100 11 -1 -1 0 29999999 0 -1  0 0 -1  0 0 -1

 0 0 0 0 0 小蛮 小蛮 0 100 12 12 6 0 29899999 0 -1  0 0 -1  0 1  31 古代瑞兽 3 27 87 43 100000  4 0 1 0 0 0  1095 1267 3333 2196 1337 1217 96 0 
0

0 0  0  1039 管家 0 11 9 0 
0  家具 0 0 11 
2  -1 0 0  -1 1 长寿郊外 
-1 
-1
全局变量
100 1000 73 1 1 6 0 0 0 0 0 0 8 50 800 800 0 0 0 0 0 0 0 0 0 0 0 0 0 0 0 
0 0 0 0 0 0 0 0 0 0 0 0 0 0 0 0 0 0 0 0 0 0 0 0 0 0 0 0 0 0 0 0 0 0 0 0 0 0 0 0 0 0 0 0 0 0 0 0 0 0 0 0 0 0 0 0 0 0 0 0 0 0 0 0 0 0 0 0 0 65535 0 0 0 0 0 0 0 0 0 0 0 0 0 0 0 0 0 0 0 0 0 0 0 0 0 0 0 0 0 0 0 0 0 0 0 0 0 0 0 0 0 0 0 0 0 0 0 0 0 0 0 0 0 0 0 0 0 0 0 0 0 0 0 0 0 0 0 0 0 0 0 0 0 0 0 0 0 0 0 0 0 0 0 0 0 0 0 0 0 0 0 0 0 0 0 0 0 0 0 1023 0 0 0 0 0 0 0 0 0 0 0 0 0 0 0 0 0 0 0 0 0 0 0 0 0 0 0 0 0 0 0 0 0 0 0 0 0 0 0 0 0 0 0 0 0 0 0 0 0 0 0 0 0 0 0 
盘丝岭 135 123 
0 0 0 0 