428 159 2 400 
0 7 0 0 4 1 3 2 5 9 6 8 7 10 11 12 13 14 15 16 17 18 19 
1 0 100 1  1  4 3 5 5 0  0  0  0 逍遥か圣
篮子 12883
12883  13043 900 86 6529
3594
 4044 0 0 4044
150
150
159
 3486 3179 11878 2756 2247 2383 217  3 1 1 0 0 0 668 354 179 356 178
 4561 0 2 4472
 2943 0 0 2943
 2435 0 15 2118
 1201 0 0 1201
 712 0 12 636
 173 0 0 173
8157508207 92865340 4 100 100
7
16 40 38 11 24 7 75 
 0 0 0 0 1  0  0  0 
180 180 180 180 180 180 180 0 0 0 0 0 0 
12 1 6 0 800 0 800 25 20 0 0 0 1 3 5 1 1
106 0 0 20 20 0 5 0 10 0 10 0 37 0 2 0 0 0 5 0 0 0 0 0 0 0 0 0 0 0 0 0 0 0 0 0 20 0 1 20 0 0 0 0 0 0 0 0 0 0 0 0 0 30 10 30 10 0 30 0 5 0 2 0 0 0 0 0 145 0 0 0 1 5 1 0 0 0 0 0 0 0 0 0 0 0 83 35 0 0 10 0 0 0 0 0 0 0 0 0 0 0 0 0 0 0 0 0 0 0 0 0 0 0 20 0 0 0 


1 0 0 0 0 0
0 169 169 169 169 169 169 169 
0 
1005 12346338 999999990 791988080 0 800 0 800 150
 17 17 17 17 460 460 460 460
 17 17 17 17 60 60 60 60
-1 -1 39 31 44 48 
18 6 0 3 1 2 4 42 72 79 80 88 89 91 131 132 142 7 8 
 1 24 12 0 1 0  1 24 13 0 1 0  1 24 14 0 1 0  1 24 15 0 1 0  1 24 11 1 大唐境外 3 0 229 105  1 28 16 1 阴曹地府 3 11 49 57  1 28 12 1 冯记铁铺 3 4 21 18  1 28 13 1 方寸山 3 14 105 122  22 27 0 0 0  1 24 16 0 1 0  76 22 30 0 0  26 22 0 0 0  0  23 22 57 0 0  54 22 7 0 0  1 28 23 0 0  1 26 54 0 0  1 28 12 1 普陀山 3 20 74 17  1 28 12 1 五庄观 3 20 40 45  1 28 12 1 龙宫 3 20 74 39  1 28 14 1 凌宵宝殿 3 12 35 33  1 28 13 1 大唐境外 3 13 234 7  1 28 14 1 魔王寨 3 18 36 26  1 28 15 1 大唐境外 3 2 531 87  1 18 16 0 8 11 -1 -1 -1 -1 1 2 387  1 5 28 0 10 11 -1 -1 -1 -1 2 0 732 1 845  1 19 22 0 8 11 -1 -1 -1 -1 1 4 265  1 15 16 0 14 11 -1 -1 -1 -1 4 2 92 3 178 1 275 0 77  1 21 16 0 10 11 -1 -1 -1 -1 2 2 86 5 143  1 20 22 0 12 11 -1 -1 -1 -1 3 2 93 6 337 5 88  1 27 7 0 0  1 24 0 0 1 0  1 24 17 0 1 0  1 28 12 1 阴曹地府 3 20 110 18  1 28 12 1 大唐境外 3 20 10 50  1 28 12 1 魔王寨 3 20 37 26  1 28 12 1 大唐官府 3 20 140 59  1 28 12 1 盘丝岭 3 20 143 39  1 28 12 0 1 20  1 28 12 0 1 20  1 24 23 0 1 0  1 24 24 0 1 0  1 24 26 0 1 0  1 24 27 0 1 0  1 24 28 0 1 0  1 24 29 0 1 0  1 24 30 0 1 0  1 24 31 0 1 0  1 24 32 0 1 0  1 24 10 0 1 0  1 24 7 0 1 0  1 24 9 0 1 0  1 24 8 0 1 0  1 24 1 0 1 0  1 24 2 0 1 0  1 24 19 0 1 0  1 24 5 0 1 0  1 24 21 0 1 0  1 24 6 0 1 0  1 24 22 0 1 0  1 15 15 0 14 15 -1 28 10 12 4 2 82 3 158 1 375 0 105  1 19 21 0 8 15 -1 4 0 1 1 4 294  1 5 27 0 14 15 -1 26 27 83 4 0 720 1 910 9 13 11 12  1 17 15 0 8 15 -1 86 18 11 1 2 437  1 20 21 0 12 15 -1 5 2 3 3 2 87 6 339 5 120  1 21 15 0 10 0 -1 16 73 57 2 2 87 5 50 1
5
101
31  3 3  1  2 6 6  0  0  0 古代瑞兽
古代瑞兽 17297
17297  17297 1690 169 5802
16863
 16863 0 169 6269
150
150
169
 1079 1600 5600 3250 1400 1300 131  0 1 1 3 0 0 300 499 2317 434 300
 1992 0 0 1992
 1476 0 0 1476
 2533 0 2 2484
 2563 0 0 2563
 710 0 22 582
 300 0 0 300
8384263114 170071544 2 0 100
16
3 17 87 50 56 26 32 48 58 13 60 15 19 54 34 102 
 0 1 0 1 0  1 32 16 0 12 16 -1 88 18 41 3 1 876 0 380 4 64  1 33 16 0 10 16 -1 16 14 19 2 5 169 4 57  1 34 16 0 10 16 -1 40 73 75 2 2 393 6 923 
169 169 169 0 0 0 0 0 0 0 0 0 0 
0 20 0 0 1795 0 1795 0 0 10 0 40 1 2 0 2 0
31 35 0 0 0 -20 15 -20 0 0 0 0 0 0 100 0 0 0 0 0 25 25 0 0 0 0 0 0 0 1 11 0 -10 0 0 30 0 0 0 0 0 0 0 0 0 0 0 0 0 0 0 0 0 0 100 0 0 0 100 0 0 0 0 0 0 0 0 0 147 0 0 5 0 5 0 0 0 0 0 0 0 0 0 0 0 0 0 0 0 0 0 0 0 0 0 0 0 0 0 0 0 0 0 0 0 0 0 0 0 0 0 0 0 0 70 0 0 0  3 3 


101
46  3 3  1  1 2  1 2  0  0 鬼将
鬼将 8190
8190  8190 1820 182 2259
3773
 3773 0 182 1338
150
150
169
 1600 1405 4991 1368 1070 1072 131  5 0 0 0 0 0 1854 189 189 189 189
 4511 0 12 4028
 4603 0 0 4603
 1369 0 10 1245
 1225 0 0 1225
 379 0 2 372
 189 0 0 189
6703743496 170071544 5 0 100
19
82 1 5 98 24 36 95 30 7 38 40 17 92 75 76 81 94 99 100 
 0 1 0 1 0  1 32 16 0 10 16 -1 57 83 12 2 1 895 0 524  1 33 16 0 10 16 -1 87 27 26 2 5 170 4 54  1 34 16 0 10 16 -1 40 10 16 2 2 268 6 1373 
169 169 169 0 0 0 0 0 0 0 0 0 0 
20 0 0 0 1175 0 1175 30 0 0 0 0 1 2 10 0 0
0 0 50 50 50 0 0 0 0 0 10 0 52 50 0 0 0 0 0 0 0 0 0 0 0 0 0 0 0 1 0 0 0 50 0 0 0 0 0 0 0 0 0 0 0 0 0 0 0 0 0 0 50 50 0 50 0 0 0 0 0 0 52 0 0 0 0 0 81 0 0 0 0 0 0 0 0 0 0 0 0 0 0 0 0 0 53 50 0 0 0 0 0 0 0 0 0 0 0 0 0 0 0 0 0 0 0 0 0 0 0 0 0 0 0 0 0 0  3 3 


101
52  3 3  1  1 7  1 6  0  0 雾中仙
... 17232
17232  17232 1690 177 5611
10586
 10586 0 177 3822
150
150
169
 1318 1568 4523 3342 1384 1289 121  0 0 0 5 0 0 584 385 990 495 266
 2223 0 0 2223
 2119 0 0 2119
 1910 0 2 1873
 1654 0 2 1622
 546 0 2 536
 266 0 0 266
6703559056 170071544 0 0 30
7
91 50 56 60 58 17 48 
 0 1 0 1 0  1 32 16 0 12 16 -1 15 5 3 3 1 951 0 383 4 64  1 33 16 0 10 16 -1 28 16 14 2 5 168 4 56  1 34 16 0 10 16 -1 1 41 0 2 2 393 6 929 
169 169 169 0 0 0 0 0 0 0 0 0 0 
20 1 0 0 1230 0 1230 5 0 0 0 40 0 2 0 0 0
50 0 0 0 0 0 50 0 0 0 0 0 0 0 52 0 0 0 0 0 50 50 0 0 0 0 0 0 0 0 41 0 -20 0 0 -10 0 0 0 0 0 0 0 0 0 0 0 0 0 0 0 0 0 0 0 0 0 0 0 0 0 0 0 0 0 0 0 0 0 0 0 0 0 0 0 0 0 0 0 0 0 0 0 0 0 0 0 5 0 0 0 0 0 0 0 0 0 0 0 0 0 0 0 0 0 0 0 0 0 0 0 0 0 0 0 0 0 0  3 3 


101
47  3 3  1  1 6  1 6  0  0 吸血鬼
吸血鬼 13722
13722  13722 1690 169 4473
2762
 2762 0 169 1027
59
150
169
 1619 1523 4346 1416 1243 1394 122  3 1 1 0 0 0 911 273 189 388 189
 2512 0 2 2463
 2766 0 0 2766
 1431 0 2 1403
 875 0 0 875
 409 0 2 401
 189 0 0 189
6688309680 170071544 5 0 100
9
5 11 82 46 7 40 24 1 13 
 0 1 0 1 0  1 32 16 0 10 16 -1 12 57 10 2 1 944 0 516  1 33 16 0 10 16 -1 14 16 27 2 5 167 4 55  1 34 16 0 10 16 -1 83 43 26 2 2 418 6 899 
169 169 169 0 0 0 0 0 0 0 0 0 0 
0 0 0 0 845 0 845 20 0 0 0 0 1 2 5 0 0
0 0 0 50 50 0 0 0 0 0 10 0 32 0 0 0 0 0 0 0 0 25 0 0 0 0 0 0 0 0 0 0 1 20 0 0 0 0 0 0 0 0 0 0 0 0 0 0 0 0 0 0 45 30 0 30 0 0 0 0 0 0 22 0 0 0 0 0 0 0 0 0 0 0 0 0 0 0 0 0 0 0 0 0 0 0 3 30 0 0 0 0 0 0 0 0 0 -30 0 0 0 0 0 0 0 0 0 0 0 0 0 0 0 0 0 0 0 0  3 3 


101
94  3 3 0 超级泡泡
超级泡泡 17235
17235  17235 1690 169 5779
5681
 5681 0 169 2112
41
150
169
 1877 1550 7213 3231 1598 1276 155  4 0 1 0 0 0 995 189 189 388 189
 3259 0 2 3196
 2946 0 0 2946
 1571 0 12 1403
 1019 0 0 1019
 474 0 0 474
 189 0 0 189
6703820452 170071544 2 0 100
5
7 1 23 26 38 
 0 1 0 1 0  1 32 16 0 10 16 -1 27 26 20 2 1 956 0 544  1 33 16 0 10 16 -1 14 12 57 2 5 172 4 55  1 34 16 0 10 16 -1 43 83 10 2 2 409 6 953 
169 169 169 0 0 0 0 0 0 0 0 0 0 
0 0 0 0 845 0 845 0 0 0 0 0 1 2 5 0 0
0 0 0 0 12 -20 0 -20 0 0 10 0 32 0 0 0 0 0 0 0 0 0 0 0 0 0 0 0 0 0 0 0 1 0 0 0 0 0 0 0 0 0 0 0 0 0 0 0 0 0 0 0 45 0 0 0 0 0 0 0 0 0 2 0 0 0 0 0 0 0 0 0 0 0 0 0 0 0 0 0 0 0 0 0 0 0 3 0 0 0 0 0 0 0 0 0 0 0 0 0 0 0 0 0 0 0 0 0 0 0 0 0 0 0 0 0 0 0  3 3 


1 54 0 0 -1  0  0 0 
3 91 -1 -1 -1 -1 -1 -1 

1 0 100 1 0 清风
清风 18636
18636  18636 1550 203 5639
4426
 4426 0 155 1736
8
150
159
 1369 1907 5690 2507 1369 1369 131  0 2 2 0 1 0 189 497 180 511 338
 1623 0 0 1623
 913 0 0 913
 2581 0 12 2305
 910 0 0 888
 663 0 12 592
 738 0 0 738
0 92865340 4 100 100
0

 0 0 0 0 1  0  0  0 
155 155 155 155 0 0 0 0 0 0 0 0 0 
0 0 0 0 795 0 795 0 0 0 0 0 1 2 0 0 0
0 0 0 0 0 0 0 0 0 0 0 0 0 0 0 0 0 0 0 0 0 0 0 0 0 0 0 0 0 0 0 0 0 0 31 0 0 0 0 0 0 0 0 0 0 0 0 0 0 0 0 0 0 0 0 0 0 0 0 0 0 0 0 0 0 0 0 0 0 0 0 0 0 0 0 0 0 0 0 0 0 0 0 0 0 0 0 0 0 0 0 0 0 0 0 0 0 0 0 0 0 0 0 0 0 0 0 0 0 0 0 0 0 0 0 0 0 0 


1 0 0 0 -1 0
1 169 169 169 169 169 169 169 
0 
1005 0 0 0 0 795 0 795 8
 12 12 12 12 0 0 0 0
 0 0 0 0 0 0 0 0
-1 -1 -1 -1 31 -1 
15 46 31 33 34 35 36 37 38 39 40 41 42 43 45 44 
 30 22 11 0 0  30 22 17 0 0  30 22 24 0 0  30 22 32 0 0  30 22 43 0 0  30 22 45 0 0  30 22 49 0 0  30 22 57 0 0  900 25 9 0 0  0  0  0  0  0  0  0  0  0  0  0  0  0  0  0  0  0  0  0  0  0  0  0  0  0  0  0  0  0  0  0  0  0  0  0  0  0  0  0  0  0  0  0  0  0  0  0  0  0  0  0  1 15 15 0 10 10 -1 14 0 16 2 2 207 3 173  1 19 21 0 8 10 -1 14 0 16 1 4 267  1 0 27 0 0  1 17 15 0 8 10 -1 14 0 16 1 2 365  1 20 21 0 10 10 31 14 0 16 2 2 83 6 719  1 21 15 0 10 10 -1 14 0 16 2 2 82 5 130 0
4
101
106  2 2 0 超级海豚
超级海豚 17482
17482  17482 1690 193 5390
8938
 8938 0 169 3323
100
150
169
 1589 1301 7093 3671 1243 1259 133  0 0 1 4 0 0 199 189 945 378 189
 1535 0 0 1535
 1295 0 0 1295
 1185 0 6 1118
 1265 0 0 1265
 462 0 26 367
 189 0 0 189
0 170071544 2 0 100
7
74 89 73 34 52 56 48 
 0 1 0 1 0  1 32 15 0 12 10 -1 14 0 16 3 1 897 0 332 4 40  1 33 15 0 10 10 -1 14 0 16 2 5 133 4 54  1 34 15 0 10 10 -1 14 0 16 2 2 276 6 1176 
169 169 169 169 0 0 0 0 0 0 0 0 0 
0 0 0 0 845 0 845 0 0 0 20 0 1 2 0 0 0
0 0 0 0 0 0 0 0 0 0 0 0 0 0 30 0 0 0 0 0 0 0 0 0 0 0 0 0 0 0 20 0 0 0 34 30 0 0 0 0 0 0 0 0 0 0 0 0 0 0 0 0 0 0 0 0 0 0 0 0 0 0 0 0 0 0 0 0 0 0 0 0 0 0 0 0 0 0 0 0 0 0 0 0 0 0 0 0 0 0 0 0 0 0 0 0 0 30 0 0 0 0 0 0 0 0 0 0 0 0 0 0 0 0 0 0 0 0  2 2 


101
51  2 2 0 大力金刚
大力金刚 16328
16328  16328 1690 193 4996
4113
 4113 0 169 1529
0
150
169
 1584 1462 5214 2277 1333 1422 131  4 0 1 0 0 0 955 189 189 378 189
 2612 0 0 2612
 2775 0 0 2775
 1335 0 16 1151
 920 0 0 920
 400 0 6 378
 189 0 0 189
0 170071544 2 0 100
3
95 38 24 
 0 1 0 1 0  1 32 15 0 10 10 -1 14 0 16 2 1 865 0 425  1 33 15 0 10 10 -1 14 0 16 2 5 127 4 51  1 34 15 0 10 10 -1 14 0 16 2 2 251 6 1144 
169 169 169 169 0 0 0 0 0 0 0 0 0 
0 0 0 0 845 0 845 0 0 0 0 0 1 2 0 0 0
0 0 0 0 20 0 0 0 0 0 0 0 0 0 0 0 0 0 0 0 0 0 0 0 0 0 0 0 0 0 0 0 0 0 34 0 0 0 0 0 0 0 0 0 0 0 0 0 0 0 0 0 0 0 0 0 0 0 0 0 0 0 0 0 0 0 0 0 0 0 0 0 0 0 0 0 0 0 0 0 0 0 0 0 0 0 0 0 0 0 0 0 0 0 0 0 0 0 0 0 0 0 0 0 0 0 0 0 0 0 0 0 0 0 0 0 0 0  2 2 


101
52  2 2 0 雾中仙
雾中仙 16454
16454  16454 1690 193 5039
8513
 8513 0 169 3165
0
150
169
 1379 1406 4892 3356 1238 1676 135  0 0 1 4 0 0 199 189 945 378 189
 1412 0 0 1412
 1232 0 0 1232
 1213 0 6 1145
 1247 0 0 1247
 382 0 6 361
 189 0 0 189
0 170071544 0 0 100
7
87 91 85 56 57 21 50 
 0 1 0 1 0  1 32 15 0 12 10 -1 14 0 16 3 1 834 0 329 4 40  1 33 15 0 10 10 -1 14 0 16 2 5 128 4 51  1 34 15 0 10 10 -1 14 0 16 2 2 257 6 1152 
169 169 169 169 0 0 0 0 0 0 0 0 0 
0 0 0 0 845 0 845 0 50 0 0 0 1 2 0 0 0
30 0 0 0 0 0 10 0 0 0 0 0 0 0 30 0 0 0 0 0 0 0 0 0 0 0 0 0 0 0 0 0 0 0 34 0 0 0 0 0 0 0 0 0 0 0 0 0 0 0 0 0 0 0 0 0 0 0 0 0 0 0 0 0 0 0 0 0 0 0 0 0 0 0 0 0 0 0 0 0 0 0 0 0 0 0 0 0 0 0 0 0 0 0 0 0 0 0 0 0 0 0 0 0 0 0 0 0 0 0 0 0 0 0 0 0 0 0  2 2 


101
54  2 2 0 夜罗刹
夜罗刹 15378
15378  15378 1690 193 4672
4589
 4589 0 169 1706
0
150
169
 1599 1413 4601 2624 1477 1419 121  4 0 1 0 0 0 955 189 189 378 189
 2528 0 0 2528
 2727 0 0 2727
 1173 0 6 1107
 928 0 0 928
 470 0 16 406
 189 0 0 189
0 170071544 3 0 100
4
7 23 11 33 
 0 1 0 1 0  1 32 15 0 10 10 -1 14 0 16 2 1 817 0 428  1 33 15 0 10 10 -1 14 0 16 2 5 127 4 51  1 34 15 0 10 10 -1 14 0 16 2 2 252 6 1151 
169 169 169 169 0 0 0 0 0 0 0 0 0 
0 0 0 0 845 0 845 20 0 0 0 0 1 2 0 0 0
0 0 0 0 10 0 0 0 0 0 0 0 30 0 0 0 0 0 0 0 0 0 0 0 0 0 0 0 0 0 0 0 0 0 34 0 0 0 0 0 0 0 0 0 0 0 0 0 0 0 0 0 0 0 0 0 0 0 0 0 0 0 0 0 0 0 0 0 0 0 0 0 0 0 0 0 0 0 0 0 0 0 0 0 0 0 0 30 0 0 0 0 0 0 0 0 0 0 0 0 0 0 0 0 0 0 0 0 0 0 0 0 0 0 0 0 0 0  2 2 


0 0 0  0  0 3 
2 1 3 -1 -1 -1 -1 -1 -1 -1 -1 

1 0 100 14 0 杀破狼
杀破狼 21640
21640  21640 1590 207 6531
8047
 8047 0 159 3107
0
150
159
 1838 1969 13690 5007 1669 1669 166  4 0 1 0 0 0 825 179 179 338 179
 3230 0 0 3230
 2985 0 0 2985
 2010 0 10 1828
 1237 0 0 1237
 535 0 12 478
 179 0 0 179
0 92865340 3 100 100
7
13 15 24 34 40 42 44 
 0 0 0 0 0  0  0  0 
159 159 159 159 0 0 0 0 0 0 0 0 0 
0 0 0 0 795 0 795 0 0 0 0 0 1 2 0 0 0
0 0 0 0 0 0 0 0 0 0 0 0 0 0 0 0 0 0 0 0 0 0 0 0 0 0 0 0 0 0 0 0 0 0 32 0 0 0 0 0 0 0 0 0 0 0 0 0 0 0 0 0 0 0 0 0 0 0 0 0 0 0 0 0 0 0 0 0 145 0 0 0 0 0 0 0 0 0 0 0 0 0 0 0 0 0 0 0 0 0 0 0 0 0 0 0 0 0 0 0 0 0 0 0 0 0 0 0 0 0 0 0 0 0 0 0 0 0 


1 0 0 0 -1 0
4 169 169 169 169 169 169 169 
0 
1005 0 0 0 0 795 0 795 0
 27 27 27 27 0 0 0 0
 0 0 0 0 0 0 0 0
-1 -1 -1 8 9 -1 
9 145 141 142 152 144 81 148 149 150 
 30 22 11 0 0  30 22 17 0 0  30 22 24 0 0  30 22 32 0 0  30 22 43 0 0  30 22 45 0 0  30 22 49 0 0  30 22 57 0 0  900 25 9 0 0  0  0  0  0  0  0  0  0  0  0  0  0  0  0  0  0  0  0  0  0  0  0  0  0  0  0  0  0  0  0  0  0  0  0  0  0  0  0  0  0  0  0  0  0  0  0  0  0  0  0  0  1 15 15 0 14 16 -1 14 0 16 4 2 82 3 157 1 400 0 112  1 19 21 0 8 16 -1 14 0 16 1 4 292  1 13 27 0 10 16 -1 86 0 16 2 0 727 1 935  1 17 15 0 8 16 8 14 0 16 1 2 455  1 20 21 0 10 16 9 14 0 16 2 2 85 6 989  1 21 15 0 10 16 -1 14 0 16 2 2 87 5 180 -1
0
0 0 -1  0  0 0 
-1 -1 -1 -1 -1 -1 -1 -1 

1 0 100 12  1  4 1 1 0 2  0  0  0 小蛮
小蛮 11420
11420  11420 1590 207 3202
8554
 8554 0 159 3303
0
150
159
 669 1807 4845 3845 1384 1584 136  0 1 0 4 0 0 189 338 815 179 179
 1244 0 0 1244
 913 0 0 913
 2420 0 12 2161
 1328 0 0 1328
 334 0 12 299
 1459 0 0 1459
0 92865340 4 100 100
2
56 47 
 0 0 0 0 1  0  0  0 
159 159 159 159 0 0 0 0 0 0 0 0 0 
0 0 0 0 795 0 795 0 0 0 0 0 1 2 0 0 0
0 0 0 0 0 0 0 0 0 0 0 0 0 0 0 0 0 0 0 0 0 0 0 0 0 0 0 0 0 0 0 0 0 0 32 0 0 0 0 0 0 0 0 0 0 0 0 0 0 0 0 0 0 0 0 0 0 0 0 0 0 0 0 0 0 0 0 0 0 0 0 0 0 0 0 0 0 0 0 0 0 0 0 0 0 0 0 0 0 0 0 0 0 0 0 0 16 16 0 0 0 0 0 0 0 0 0 0 0 0 0 0 0 0 0 0 0 0 


1 0 0 0 -1 0
8 169 169 169 169 169 169 169 
0 
1005 0 0 0 0 795 0 795 0
 27 27 27 27 0 0 0 0
 0 0 0 0 0 0 0 0
-1 -1 -1 11 -1 -1 
7 77 88 80 79 147 83 84 
 30 22 11 0 0  30 22 17 0 0  30 22 24 0 0  30 22 32 0 0  30 22 43 0 0  30 22 45 0 0  30 22 49 0 0  30 22 57 0 0  900 25 9 0 0  0  0  0  0  0  0  0  0  0  0  0  0  0  0  0  0  0  0  0  0  0  0  0  0  0  0  0  0  0  0  0  0  0  0  0  0  0  0  0  0  0  0  0  0  0  0  0  0  0  0  0  1 16 15 0 10 16 -1 14 0 16 2 2 279 3 158  1 19 21 0 8 16 -1 14 0 16 1 4 303  1 14 27 0 0  1 18 15 0 8 16 11 14 0 16 1 2 440  1 20 21 0 10 16 -1 14 0 16 2 2 85 6 972  1 21 15 0 12 16 -1 14 0 16 3 2 82 5 52 16 640 2
3
101
31  2 2  1  0  1 3  0  0 古代瑞兽
古代瑞兽 14022
14022  14022 1690 193 4209
3540
 3540 0 169 1316
0
150
169
 1069 1335 3373 2001 1200 1143 100  4 0 1 0 0 0 955 189 189 378 189
 2086 0 0 2086
 2807 0 0 2807
 1111 0 6 1049
 880 0 0 880
 412 0 6 389
 189 0 0 189
0 170071544 2 0 100
3
27 87 43 
 0 1 1 0 0  1 32 15 0 10 15 -1 14 0 16 2 1 897 0 499  1 33 15 0 10 15 -1 14 0 16 2 5 163 4 51  1 34 15 0 10 15 -1 14 0 16 2 2 276 6 1371 
169 169 169 169 0 0 0 0 0 0 0 0 0 
0 0 0 0 845 0 845 0 0 10 0 0 1 2 0 0 0
0 0 0 0 0 0 0 0 0 0 0 0 0 0 0 0 0 0 0 0 0 0 0 0 0 0 0 0 0 0 0 0 0 0 34 0 0 0 0 0 0 0 0 0 0 0 0 0 0 0 0 0 0 0 0 0 0 0 0 0 0 0 0 0 0 0 0 0 0 0 0 0 0 0 0 0 0 0 0 0 0 0 0 0 0 0 0 0 0 0 0 0 0 0 0 0 0 0 0 0 0 0 0 0 0 0 0 0 0 0 0 0 0 0 30 0 0 0  2 2 


101
33  2 2 0 黑山老妖
黑山老妖 14294
14294  14294 1690 193 4302
2932
 2932 0 169 1090
0
150
169
 1313 1216 3259 1580 1219 1047 106  4 0 1 0 0 0 955 189 189 378 189
 2278 0 0 2278
 2817 0 0 2817
 1081 0 6 1020
 864 0 0 864
 417 0 6 394
 189 0 0 189
0 170071544 3 0 100
2
4 10 
 0 1 1 0 0  1 32 15 0 10 15 -1 14 0 16 2 1 907 0 490  1 33 15 0 10 15 -1 14 0 16 2 5 164 4 50  1 34 15 0 10 15 -1 14 0 16 2 2 279 6 1348 
169 169 169 169 0 0 0 0 0 0 0 0 0 
0 0 0 0 845 0 845 10 0 0 0 0 1 2 0 0 0
0 0 0 0 0 0 0 0 0 0 0 0 0 0 0 0 0 0 0 0 0 0 0 0 0 0 0 0 0 0 0 0 0 0 34 0 0 0 0 0 0 0 0 0 0 0 0 0 0 0 0 0 0 0 0 0 0 0 0 0 0 0 20 0 0 0 0 0 0 0 0 0 0 0 0 0 0 0 0 0 0 0 0 0 0 0 0 20 0 0 0 0 0 0 0 0 0 0 0 0 0 0 0 0 0 0 0 0 0 0 0 0 0 0 0 0 0 0  2 2 


101
35  2 2 0 天将
天将 14142
14142  14142 1690 193 4250
2770
 2770 0 169 1030
0
150
169
 1320 1255 3083 1475 1270 1217 106  4 0 1 0 0 0 955 189 189 378 189
 2386 0 5 2273
 2727 0 0 2727
 1068 0 6 1008
 864 0 0 864
 420 0 6 397
 189 0 0 189
0 170071544 2 0 100
4
35 23 6 43 
 0 1 0 1 0  1 32 15 0 10 15 -1 14 0 16 2 1 817 0 481  1 33 15 0 10 15 -1 14 0 16 2 5 157 4 54  1 34 15 0 10 15 -1 14 0 16 2 2 252 6 1325 
169 169 169 169 0 0 0 0 0 0 0 0 0 
0 0 0 0 845 0 845 0 0 0 0 0 1 2 0 0 0
0 0 0 0 10 0 0 0 0 0 0 0 20 0 0 0 0 0 0 0 0 0 0 0 0 0 0 0 0 0 0 0 0 0 34 0 0 0 0 0 0 0 0 0 0 0 0 0 0 0 0 0 0 0 0 0 0 0 0 0 0 0 0 0 0 0 0 0 0 0 0 0 0 0 0 0 0 0 0 0 0 0 0 0 0 0 0 0 0 0 0 0 0 0 0 0 0 0 0 0 0 0 0 0 0 0 0 0 0 0 0 0 0 0 30 0 0 0  2 2 


0 1 3  0  0 1 
3 -1 -1 -1 -1 -1 -1 -1 -1 

1 0 100 0  1  4 6 4 4 0  0  0  0 怀念
怀念 15088
15088  15088 1550 203 4468
5691
 5691 0 155 2232
30
150
159
 2038 2007 12183 3338 1669 1669 166  4 1 0 0 0 0 825 338 179 179 179
 3258 0 0 3258
 2685 0 0 2685
 2365 0 12 2112
 1088 0 0 1088
 483 0 12 432
 179 0 0 179
0 92865340 4 100 100
5
24 44 5 11 80 
 0 0 0 0 1  0  0  0 
155 155 155 155 0 0 0 0 0 0 0 0 0 
0 0 0 0 795 0 795 0 0 0 0 0 1 2 0 0 1
0 0 0 0 0 0 0 0 0 0 0 0 0 0 0 0 0 0 0 0 0 0 0 0 0 0 0 0 0 0 0 0 0 0 31 0 0 0 0 0 0 0 0 0 0 0 0 0 0 0 0 0 0 0 0 0 0 0 0 0 0 0 0 0 0 0 0 0 0 0 0 0 30 0 0 0 0 0 0 0 0 0 0 0 0 0 0 0 0 0 0 0 0 0 0 0 0 0 0 0 0 0 0 0 0 0 0 0 0 0 0 0 0 0 0 0 0 0 


1 0 0 0 -1 0
0 169 169 169 169 169 169 169 
0 
1005 0 0 0 0 795 0 795 30
 12 12 12 12 0 0 0 0
 0 0 0 0 0 0 0 0
-1 -1 -1 -1 -1 -1 
18 4 80 89 42 132 131 91 72 88 142 1 2 3 79 0 7 8 6 
 30 22 11 0 0  30 22 17 0 0  30 22 24 0 0  30 22 32 0 0  30 22 43 0 0  30 22 45 0 0  30 22 49 0 0  30 22 57 0 0  900 25 9 0 0  0  0  0  0  0  0  0  0  0  0  0  0  0  0  0  0  0  0  0  0  0  0  0  0  0  0  0  0  0  0  0  0  0  0  0  0  0  0  0  0  0  0  0  0  0  0  0  0  0  0  0  1 15 15 0 14 10 -1 14 0 16 4 2 88 3 166 1 250 0 70  1 19 21 0 8 10 -1 14 0 16 1 4 247  1 1 27 0 0  1 17 15 0 8 10 -1 14 0 16 1 2 370  1 20 21 0 10 10 -1 14 0 16 2 2 87 6 749  1 21 15 0 10 10 -1 14 0 16 2 2 83 5 134 1
3
101
51  2 2 0 大力金刚
大力金刚 16858
16858  16858 1690 193 5177
4137
 4137 0 169 1538
0
150
169
 1637 1624 5880 2285 1360 1384 133  4 0 1 0 0 0 955 189 189 378 189
 2673 0 0 2673
 2753 0 0 2753
 1424 0 16 1228
 923 0 0 923
 409 0 6 386
 189 0 0 189
0 170071544 2 0 100
3
95 38 24 
 0 1 0 1 0  1 32 15 0 10 10 -1 14 0 16 2 1 843 0 435  1 33 15 0 10 10 -1 14 0 16 2 5 129 4 52  1 34 15 0 10 10 -1 14 0 16 2 2 260 6 1168 
169 169 169 169 0 0 0 0 0 0 0 0 0 
0 0 0 0 845 0 845 0 0 0 0 0 1 2 0 0 0
0 0 0 0 20 0 0 0 0 0 0 0 0 0 0 0 0 0 0 0 0 0 0 0 0 0 0 0 0 0 0 0 0 0 34 0 0 0 0 0 0 0 0 0 0 0 0 0 0 0 0 0 0 0 0 0 0 0 0 0 0 0 0 0 0 0 0 0 0 0 0 0 0 0 0 0 0 0 0 0 0 0 0 0 0 0 0 0 0 0 0 0 0 0 0 0 0 0 0 0 0 0 0 0 0 0 0 0 0 0 0 0 0 0 0 0 0 0  2 2 


101
52  2 2 0 雾中仙
雾中仙 16720
16720  16720 1690 193 5130
8355
 8355 0 169 3106
98
150
169
 1243 1428 5041 3218 1169 1688 137  0 0 1 4 0 0 199 189 945 378 189
 1343 0 0 1343
 1217 0 0 1217
 1224 0 6 1155
 1244 0 0 1244
 367 0 6 347
 189 0 0 189
0 170071544 0 0 100
7
87 91 85 56 57 21 50 
 0 1 0 1 0  1 32 15 0 12 10 -1 14 0 16 3 1 819 0 336 4 40  1 33 15 0 10 10 -1 14 0 16 2 5 127 4 53  1 34 15 0 10 10 -1 14 0 16 2 2 253 6 1172 
169 169 169 169 0 0 0 0 0 0 0 0 0 
0 0 0 0 845 0 845 0 50 0 0 0 1 2 0 0 0
30 0 0 0 0 0 10 0 0 0 0 0 0 0 30 0 0 0 0 0 0 0 0 0 0 0 0 0 0 0 0 0 0 0 34 0 0 0 0 0 0 0 0 0 0 0 0 0 0 0 0 0 0 0 0 0 0 0 0 0 0 0 0 0 0 0 0 0 0 0 0 0 0 0 0 0 0 0 0 0 0 0 0 0 0 0 0 0 0 0 0 0 0 0 0 0 0 0 0 0 0 0 0 0 0 0 0 0 0 0 0 0 0 0 0 0 0 0  2 2 


101
54  2 2 0 夜罗刹
夜罗刹 15308
15308  15308 1690 193 4648
4131
 4131 0 169 1536
0
150
169
 1482 1387 4558 2323 1550 1566 121  4 0 1 0 0 0 955 189 189 378 189
 2461 0 0 2461
 2761 0 0 2761
 1173 0 6 1107
 914 0 0 914
 489 0 16 422
 189 0 0 189
0 170071544 3 0 100
4
7 23 11 33 
 0 1 0 1 0  1 32 15 0 10 10 -1 14 0 16 2 1 851 0 430  1 33 15 0 10 10 -1 14 0 16 2 5 130 4 52  1 34 15 0 10 10 -1 14 0 16 2 2 262 6 1134 
169 169 169 169 0 0 0 0 0 0 0 0 0 
0 0 0 0 845 0 845 20 0 0 0 0 1 2 0 0 0
0 0 0 0 10 0 0 0 0 0 0 0 30 0 0 0 0 0 0 0 0 0 0 0 0 0 0 0 0 0 0 0 0 0 34 0 0 0 0 0 0 0 0 0 0 0 0 0 0 0 0 0 0 0 0 0 0 0 0 0 0 0 0 0 0 0 0 0 0 0 0 0 0 0 0 0 0 0 0 0 0 0 0 0 0 0 0 30 0 0 0 0 0 0 0 0 0 0 0 0 0 0 0 0 0 0 0 0 0 0 0 0 0 0 0 0 0 0  2 2 


0 0 1  3 2 2 0  1 31 5 0 0 1 
2 -1 -1 -1 -1 -1 -1 -1 -1 


下面保存任务

0 

0 

0 

0 

2 2007 0 1
赵捕头
建邺城
50 0 1
豆蔻囡囡
朱紫国


地图trigger 1  -1 1 春 1 3 50 

1 2009 0 8 160 

0 
-1 
1 
副本
找朱紫国的豆蔻囡囡进入副本
-1 50 0 0
////////////////保存剧情
9 
0 
-1 
-1 
0 
保存好友列表
12

 0 0 0 0 0 燕子 燕子3 0 100 2 11 27 0 29299999 1 1  3 1 2 0 1 5  1 1 5  120 泡泡 4 0 6 25 37 300000  4 0 1 0 0 0  1386 1315 4148 2084 1250 1274 103 0 
 34 天兵 3 23 37 43 100000  4 0 1 0 0 0  1216 1207 3567 1315 1283 1304 100 0 
 36 地狱战神 3 7 86 2 100000  4 0 1 0 0 0  1404 1147 3232 1680 1140 840 105 0 
 29 雷鸟人 4 8 84 85 66 100000  4 0 1 0 0 0  1116 1262 3137 1848 1087 1079 85 0 
 107 超级神兔 7 1 7 15 24 40 5 17 0  4 0 1 0 0 0  1539 1327 7265 2505 1675 1622 135 0 
4

 0 0 0 0 0 敖白 敖白 0 100 8 2 27 0 26899999 0 6  0 0 19  0 3  81 狂豹人 5 24 15 95 40 36 1000000  4 0 1 0 0 0  1823 1555 5653 2901 1662 1822 138 0 
 52 雾中仙 7 87 91 85 56 57 21 50 1000000  0 0 1 4 0 0  1398 1444 4755 3192 1197 1604 135 0 
 78 猫灵人 6 34 7 11 24 26 40 1000000  4 0 1 0 0 0  1556 1701 5111 4084 1873 1885 143 0 
-1

 0 0 0 0 0 怀念 怀念 0 100 0 1 6  1  4 6 4 4 0  0  0  0 26899999 1 1  3 2 2 0 1 5  1 2 3  51 大力金刚 3 95 38 24 1000000  4 0 1 0 0 0  1637 1624 5880 2285 1360 1384 133 0 
 52 雾中仙 7 87 91 85 56 57 21 50 1000000  0 0 1 4 0 0  1243 1428 5041 3218 1169 1688 137 0 
 54 夜罗刹 4 7 23 11 33 1000000  4 0 1 0 0 0  1482 1387 4558 2323 1550 1566 121 0 
-1

 0 0 0 0 0 清风 清风2 0 100 1 0 27 0 26799999 0 0  0 0 2  0 4  106 超级海豚 7 74 89 73 34 52 56 48 0  0 0 1 4 0 0  1589 1301 7093 3671 1243 1259 133 0 
 51 大力金刚 3 95 38 24 1000000  4 0 1 0 0 0  1584 1462 5214 2277 1333 1422 131 0 
 52 雾中仙 7 87 91 85 56 57 21 50 1000000  0 0 1 4 0 0  1379 1406 4892 3356 1238 1676 135 0 
 54 夜罗刹 4 7 23 11 33 1000000  4 0 1 0 0 0  1599 1413 4601 2624 1477 1419 121 0 
-1

 0 0 0 0 0 傻妞 傻妞2 0 100 15 9 27 0 29899999 0 -1  0 0 -1  0 2  30 蝴蝶仙子 4 8 47 6 43 100000  4 0 1 0 0 0  1282 1026 2425 2710 1072 1097 97 0 
 95 超级大熊猫 5 0 6 16 24 29 0  4 0 1 0 0 0  1312 1082 6007 2134 1299 1225 122 0 
1

 0 0 0 0 0 小蛮 小蛮 0 100 12 14 8  1  4 1 1 0 2  0  0  0 29699999 1 3  3 1 2 2 1 10  1 3 3  31 古代瑞兽 3 27 87 43 100000  4 0 1 0 0 0  1069 1335 3373 2001 1200 1143 100 0 
 33 黑山老妖 2 4 10 100000  4 0 1 0 0 0  1313 1216 3259 1580 1219 1047 106 0 
 35 天将 4 35 23 6 43 100000  4 0 1 0 0 0  1320 1255 3083 1475 1270 1217 106 0 
2

 0 0 0 0 0 四季 四季 0 100 10 7 24 0 25249999 1 7  4 1 2 2 0 0 22  0 6  86 长眉灵猴 4 43 57 55 87 250000  0 0 1 4 0 0  1067 1003 3436 2809 1099 981 115 0 
 49 律法女娲 4 6 23 98 0 250000  4 0 1 0 0 0  1427 1406 4871 1924 1453 1573 126 0 
 50 灵符女娲 3 91 55 57 250000  0 0 1 4 0 0  1006 1415 4382 2829 1200 1265 116 0 
 51 大力金刚 3 95 38 24 1000000  4 0 1 0 0 0  1624 1415 5882 2425 1400 1297 124 0 
 52 雾中仙 7 87 91 85 56 57 21 50 1000000  0 0 1 4 0 0  1208 1415 4940 3080 1210 1708 125 0 
 54 夜罗刹 4 7 23 11 33 1000000  4 0 1 0 0 0  1493 1431 4662 2741 1505 1456 121 0 
4

 0 0 0 0 0 冷涯傲雪 冷涯傲雪 0 100 11 8 27 0 26249999 1 6  3 1 1 0 1 18  2 1 1 5  49 律法女娲 4 6 23 98 0 250000  4 0 1 0 0 0  1488 1409 4687 1836 1495 1472 130 0 
 50 灵符女娲 3 91 55 57 250000  0 0 1 4 0 0  1185 1385 4469 2971 1386 1111 124 0 
 51 大力金刚 3 95 38 24 1000000  4 0 1 0 0 0  1566 1571 5620 2041 1209 1263 127 0 
 52 雾中仙 7 87 91 85 56 57 21 50 1000000  0 0 1 4 0 0  1305 1548 4736 3379 1189 1623 128 0 
 54 夜罗刹 4 7 23 11 33 1000000  4 0 1 0 0 0  1424 1352 4947 2682 1563 1485 132 0 
3

 0 0 0 0 0 小胖手 小胖手 0 100 4 4 27 0 26999999 1 5  4 0 0 0 0 1 17  1 2 4  85 画魂 5 48 46 91 58 55 0  0 0 1 4 0 0  1161 1558 3796 2883 1171 1051 121 0 
 51 大力金刚 3 95 38 24 1000000  4 0 1 0 0 0  1593 1459 5009 2241 1297 1268 122 0 
 52 雾中仙 7 87 91 85 56 57 21 50 1000000  0 0 1 4 0 0  1378 1575 4863 3069 1191 1560 128 0 
 54 夜罗刹 4 7 23 11 33 1000000  4 0 1 0 0 0  1481 1472 5029 2438 1578 1587 132 0 
2

 0 0 0 0 0 紫菜 紫菜 0 100 7 6 24 0 26999999 1 4  0 0 13  0 5  48 净瓶女娲 5 7 23 4 39 35 0  4 0 1 0 0 0  1600 1522 4758 2276 1407 1373 132 0 
 50 灵符女娲 6 48 46 91 58 55 60 0  0 0 1 4 0 0  1151 1509 4593 2929 1331 1235 119 0 
 51 大力金刚 3 95 38 24 1000000  4 0 1 0 0 0  1603 1572 5588 2195 1269 1259 133 0 
 52 雾中仙 7 87 91 85 56 57 21 50 1000000  0 0 1 4 0 0  1277 1541 5059 3059 1276 1614 131 0 
 54 夜罗刹 4 7 23 11 33 1000000  4 0 1 0 0 0  1527 1346 4561 2371 1407 1429 128 0 
1

 0 0 0 0 0 羽灵神 羽灵神 0 100 13 -1 -1 0 26999999 0 7  0 0 -1  0 3  81 狂豹人 5 24 15 95 40 36 1000000  4 0 1 0 0 0  1693 1519 5755 2889 1641 1601 134 0 
 78 猫灵人 6 34 7 11 24 26 40 1000000  4 0 1 0 0 0  1540 1684 5198 4190 1922 1770 132 0 
 52 雾中仙 7 87 91 85 56 57 21 50 1000000  0 0 1 4 0 0  1401 1475 4822 3135 1178 1630 132 0 
-1

 0 0 0 0 0 杀破狼 杀破狼 0 100 14 -1 -1 0 29999999 0 -1  0 0 -1  0 0 -1

4 0  0  1039 管家 0 43 12 0 
0  家具 0 0 55 
9  -1 0 0  -1 0 
4 0 -1 0 1  1050 钟馗 1 春 59 47 1 
1 4 50 0 1 2007 6 
-1
全局变量
54 1000 175 5 180 16 30 0 0 0 0 0 0 50 2220 2200 0 0 0 0 0 0 0 0 0 0 0 0 0 0 0 
0 0 0 0 0 0 0 0 0 0 0 0 0 0 0 0 0 0 0 0 0 0 0 0 0 0 0 0 0 0 0 0 0 0 0 0 0 0 0 0 0 0 0 0 0 0 0 0 0 0 0 0 0 0 0 0 0 0 0 0 0 0 0 0 0 0 0 0 0 16640 0 0 0 0 0 0 0 0 0 0 0 0 0 0 0 0 0 0 0 0 0 0 0 0 0 0 0 0 0 0 0 0 0 0 0 0 0 0 0 0 0 0 0 0 0 0 0 0 0 0 0 0 0 0 0 0 0 0 0 0 0 0 0 0 0 0 0 0 0 0 0 0 0 0 0 0 0 0 0 0 0 0 0 0 0 0 0 0 0 0 0 0 0 0 0 0 0 0 0 1023 0 0 0 0 0 0 0 0 0 0 0 0 0 0 0 0 0 0 0 0 0 0 0 0 0 0 0 0 0 0 0 0 0 0 0 0 0 0 0 0 0 0 0 0 0 0 0 0 0 0 0 0 0 0 0 
大雁塔五层 57 37 
2 蓬莱仙岛 大蛇洞 0 0 0 