105
00 8 100
01 8 100
02 8 100
03 8 100
04 8 100
05 8 100
06 8 100
07 8 100
08 8 100
09 8 100
10 8 100
11 8 100
12 8 100
13 8 100
14 8 100
00 9 100
01 9 100
02 9 100
03 9 100
04 9 100
05 9 100
06 9 100
07 9 100
08 9 100
09 9 100
10 9 100
11 9 100
12 9 100
13 9 100
14 9 100
00 10 100
01 10 100
02 10 100
03 10 100
04 10 100
05 10 100
06 10 100
07 10 100
08 10 100
09 10 100
10 10 100
11 10 100
12 10 100
13 10 100
14 10 100
00 12 100
01 12 100
02 12 100
03 12 100
04 12 100
05 12 100
06 12 100
07 12 100
08 12 100
09 12 100
10 12 100
11 12 100
12 12 100
13 12 100
14 12 100
00 13 100
01 13 100
02 13 100
03 13 100
04 13 100
05 13 100
06 13 100
07 13 100
08 13 100
09 13 100
10 13 100
11 13 100
12 13 100
13 13 100
14 13 100
00 15 100
01 15 100
02 15 100
03 15 100
04 15 100
05 15 100
06 15 100
07 15 100
08 15 100
09 15 100
10 15 100
11 15 100
12 15 100
13 15 100
14 15 100
00 16 100
01 16 100
02 16 100
03 16 100
04 16 100
05 16 100
06 16 100
07 16 100
08 16 100
09 16 100
10 16 100
11 16 100
12 16 100
13 16 100
14 16 100