43
40 1    100
40 11   100
40 21   100
40 32   100
40 42   100
40 52   100
40 67   100
40 75   100
40 89   100
40 3    100
40 13   100
40 24   100
40 34   100
40 44   100
40 54   100
40 69   100
40 76   100
40 91   100
40 5    100
40 15   100
40 26   100
40 36   100
40 46   100
40 56   100
40 71   100
40 83   100
40 92   100
40 7    100
40 17   100
40 28   100
40 38   100
40 48   100
40 58   100
40 73   100
40 85   100
40 9    100
40 19   100
40 30   100
40 40   100
40 50   100
40 60   100
40 74   100
40 87   100