86
41 00 100
41 01 100
41 02 100
41 03 100
41 04 100
41 05 100
41 06 100
41 07 100
41 08 100
41 10 100
41 11 100
41 12 100
41 13 100
41 14 100
41 15 100
41 16 100
41 17 100
41 18 100
41 19 100
41 20 100
41 21 100
41 22 100
41 23 100
41 24 100
41 25 100
41 26 100
41 27 100
41 28 100
41 29 100
41 30 100
41 31 100
41 32 100
41 33 100
41 34 100
41 35 100
41 36 100
41 37 100
41 38 100
41 39 100
41 40 100
41 41 100
41 42 100
41 43 100
41 44 100
41 45 100
41 46 100
41 47 100
41 48 100
41 49 100
41 50 100
41 51 100
41 52 100
41 53 100
41 54 100
41 55 100
41 56 100
41 57 100
41 58 100
41 59 100
41 60 100
41 61 100
41 62 100
41 63 100
41 64 100
41 65 100
41 66 100
41 67 100
41 68 100
41 69 100
41 70 100
41 71 100
41 72 100
41 73 100
41 74 100
41 75 100
41 76 100
41 77 100
41 78 100
41 79 100
41 80 100
41 81 100
41 82 100
41 83 100
41 86 100
41 87 100
41 88 100