1092
傲来国
2930683699
14
仓库管理员		1068	146   101	AL仓库管理员	1
驿站老板  		1043	171	14   AL驿站老板1    1
驿站老板		1043	58	96   AL驿站老板2   	1
傲来珍品商人 	1028	55 120   AL傲来珍品商人  	1	
超级巫医  		1083    44 28     超级巫医    	3
金毛猿 	 		87		195 131    AL金毛猿   	3  0 0
红毛猿 	 		87      47 97      AL红毛猿   	1  0 0
蝴蝶妹妹 		30		60 54		AL蝴蝶妹妹 	1 0 0
偷偷怪  		23      127 120		单 1010 23 	1 0 0
傲来商人   		1009    183 105		跑商傲来商人 	1 
傲来货商    	1002	94 107		跑商傲来货商 	1
傲来特产商人 	1009	48 33		跑商傲来特产商人 	3
仙岛引路使   	61		22  98		AL仙岛引路使 	3 0 0
捕鱼人			1015	186  66		AL捕鱼人	3
0
13
3  144  女儿村  119  12		6
189   75  傲来国民居1  29  7	2
75 110 傲来国民居2  28    9	1
31  72   傲来国服饰店   37   7	2
56  40   傲来国药店  33  10	2
18  28   傲来国民居3   12  9	2
98  19   傲来国杂货店  25  8	2
133  43  傲来国武器店  10  9	2
105   60  傲来国钱庄  44   6	2
140   108 傲来国圣殿   14  14	2
151   68    傲来国当铺  16  6	2
179   31    傲来国客栈  37  5	4
218   144   花果山    19  14	5
0

