1174
北俱芦洲
3293723566
14
北俱芦洲土地 1066	195  105		BJ北俱芦洲土地	1
地遁鬼 		23		195  5			BJ地遁鬼 		   3  0 0
驿站老板 	1043	47   119		BJ驿站老板 		   1
北俱商人 	1002	168  39			跑商北俱商人 		   1
北俱货商 	1083	161  118		跑商北俱货商 	   1
江湖奸商 	1068	106  110		BJ江湖奸商 	   1
龙女妹妹 	17		133  98			BJ龙女妹妹 		   1  0 0
雷鸟精		29		67   140		BJ雷鸟精		   1  0 0
莽汉 		8		34   30			BJ莽汉 			   1 0 0
青琉璃		44		204  133		BJ青琉璃		1  0 0
翻天怪		36		135  35			BJ翻天怪		   1  0 0
白熊怪		32		186  82			BJ白熊怪		   1  0 0
超级巫医 	1083	21  59			超级巫医 		   1
传送女娲 	48		14  156			BJ传送女娲 		   3 0 0
0
2
7  85  龙窟一层  153 9	6
78 154     凤巢一层  75  64	6
1
3
31
32
35
48
5    4


