1110
大唐国境
1209177817
23
驿站老板 	1043	87 250			DTGJ驿站老板 		3
牢房守卫 1048	332	30		DTGJ牢房守卫	 3
接引仙女 	1026	220 62			DTGJ接引仙女		3
衙门守卫 	2		295 288			DTGJ衙门守卫 		1  0 0
衙门守卫 	2		300 285			DTGJ衙门守卫 		1  0 0
黑山老妖 	33		98 285			单 1010  30 		3  0 0
吴文彩		1018	310 220			DTGJ吴文彩			1
吴老爹		1025 	260 238			DTGJ吴老爹			3
小芸芸		1039	166 304			DTGJ小芸芸			1
者释和尚 	1075	178 90			DTGJ者释和尚 		1
业释和尚 	1075	187 152			DTGJ业释和尚 		3
海释和尚 	1075	138 177			DTGJ海释和尚 		3
大生 		1030	88 220			DTGJ大生 			1
白琉璃 		44		40 160			DTGJ白琉璃 			1  0 0
刘母 		1057	252 303			DTGJ刘母 			1
虾兵 		20		240 263			DTGJ虾兵 			3  0 0
渔翁 		1015	151 255			DTGJ渔翁 			3
小二 		1092	66 69			卖烹饪 			1
婆婆 		1057	24 29			DTGJ婆婆 			3
殷温娇 		1035	301 301			DTGJ殷温娇 			1
山神 		40		41 239		单 1015 	11		3  0 0
超级巫医 	1083	54 75			超级巫医 		1
大唐国境土地    1066    173 262  DTGJ土地     6 
0
8
338 147  长安城 18  9	4
7  79   大唐境外 630 97	5
49  330  阴曹地府   136  9	5
316  301  江州衙门	17	9	5
227  287  江州民居2	24	10	3
302  257  江州民居3	24	10	3
120  189  金山寺	33	8	3
262  301  江州民居1	17	9	3
1
3
4
5
8
15
2
6





