1173
大唐境外
1389007272
36
白衣人		2001	233  7 		DTJW白衣人	7	-1  -1  0
白鹿精		4	352  3			DTJW白鹿精			9  0 0
玉面狐狸 	118		349  5			DTJW玉面狐狸 		9 0 0
刘洪 		1084	592  17			DTJW刘洪 			7 
李彪 		5		587  20			DTJW李彪 			1  0 0
二当家 		5		608  58			DTJW二当家 			1  0 0
至尊宝 		1072	140  60			DTJW至尊宝 			1
土地公公 	1066	537  88			DTJW土地公公 		1
天蓬元帅 	117		633  5			DTJW天蓬元帅 		1  0 0
姚太尉 		34		322  72			DTJW姚太尉 			1  0 0
阿紫 		44		317  71			DTJW阿紫 			3  0 0
天兵飞剑 	34		234  57			DTJW天兵飞剑 		1  0 0
卷帘大将 	115		245  64			DTJW卷帘大将 		1  0 0
张猎户 		1051	208  102		DTJW张猎户 		1
山贼头子 	8		94   90			DTJW山贼头子 		1  0 0
1号烽火台 	2		544  55			DTJW1号烽火台 		3  0 0
2号烽火台 	2		572  43			DTJW2号烽火台 		1  0 0
3号烽火台 	2		614  81			DTJW3号烽火台 		1  0 0
蛤蟆怪 		12		557  53			DTJW蛤蟆怪 			1  0 0
云游僧 		1117	350  30			DTJW云游僧 			3
水云仙 		1001	322  98			DTJW水云仙 			1
野猪王 		9		483  7			DTJW野猪王 			1  0 0
偷尸鬼 		10		576  24			DTJW偷尸鬼 			1  0 0
牛将军 		16		87  77			DTJW牛将军 			1  0 0
冤魂 		18		602  102		DTJW冤魂 			1  0 0
强盗头子 	5		562  85			DTJW强盗头子 		1  0 0
驿站老板 	1043	205  27			BJ驿站老板 		1
驿站老板 	1043	8    66			DTJW驿站老板 		1
超级巫医 	1083	408  13			超级巫医 		1
少女 		1039	559  104		DTJW少女 			1
老太婆		1057	536  30			DTJW老太婆			1
老太爷		1025	554  10			DTJW老太爷			1
火焰山土地 	1066	238  112		DTJW火焰山土地 		1
云里雾 		23		282  5			DTJW云里雾 			7  0 0
南赡部州土地 	1066	52  16		DTJW南赡部州土地	 	1
灵山接引僧	1020	16 106			DTJW灵山接引僧		1
0
8
637 109 大唐国境 17 72		5
527  117  盘丝岭   180  12	5
632  76  五庄观  17  15		5
7   49   狮驼岭   118  90	4
54   117  魔王寨   24  19	3
406  57 高老庄大厅	23  16	5
454  100	高小姐闺房	14  6	5
7   23   碗子山  75   9   6
1
3
13
14
15
28
2    5





