1070
长寿村
2766803400
16
太白金星	1041	53  18			CS太白金星			1
毛驴张 	  	1046    81  129		   CS毛驴张 	    	   1
超级巫医 	1083	124  114		   超级巫医 	   3
钟书生 	   	1018 	46  156		   CS钟书生 	    	   7
慧觉和尚	1075	136  67		   单 1015 9			   1
海老先生	1025	101  38		    单 1015 7			   3
凤凰姑娘	1026	24  106		   单 1015 8			   3
蝴蝶女		30	50  135		   CS蝴蝶女			   3 0 0
许大娘		1040	80  65		   CS许大娘			   3
钱老板		1045 	136  84		   CS钱老板			   1
许姑娘		1039	78  172		   CS许姑娘			   1
南极仙翁	1029	110  189		   CS南极仙翁		   3
马婆婆		1057	43  71		   CS马婆婆			   1
蔡爷爷  	1025	121  174	   CS蔡爷爷   1 
捕鱼人 		1015  	90  108	           CS捕鱼人   1
流水导游  	1065	119  185	   导游   1
0
14
18   39   村长家  27   8	3
82   29   长寿村药店  23  8	3
136  54   长寿村杂货店  13  6	5
148  3    长寿郊外    152  152	6
84   73   长寿村服装店  13  9  	2
72   112  长寿村武器店  23  7	5
108  149  长寿村酒馆   19  6	4
151  146  长寿村民居1  14  10	4
144  96   长寿村钱庄  24   7	4
129  185  长寿村神庙 11    6	4
112  208  方寸山     15   36 	6
23   182  长寿村民居  25  6	4
16  128  长寿村当铺    14  7	4
97  144  长寿酒店上房  27  8    3
0









