1001
长安城
3468445205
41
马副将			1084	193 174		 单 1012	0				3
张老财			1045	250 27		 单 1012	1				3
王夫人			1035	386 50		 单 1012	2				3
红线童子 		1079	445 143		 单 1012	3 				3
秦府守卫 		2	106 66		单 1012	4			3 0 0
大宝			1079	144 4		 单 1012	5					1
二宝			1079	490 190		单 1012	6				1
小宝			1079	310 120		单 1012	7					1
穷汉 			1033	304 53		单 1012	8 					3
李将军			1084	161 190		单 1012	9 					3
长安府守卫 		2		50 37		 单 1012	10			3 0 0
长安府守卫 		2		63 44		 单 1012	10 			3 0 0
御林军左统领		1069	102 227		单 1012	 11 			3
御林军右统领		1069	110 230		 单 1012	12 			3
袁守诚			1034	173 14		单 1012	13					1
赵美人 			1026	5 147		单 1012	14 				3
帮派主管		1051    384 270		 单 1010	6				3
兰虎 			1051    418 115		单 1012 18 					1
超级巫医 		1083	527 188		 超级巫医 				1
建房吏			1048	38 60		 单 1010 13					1
轿夫 			1017	521 129		 CA轿夫 					1
怜儿姑娘		1039	277 104		 CA怜儿姑娘 				1
配色师			1028	288 17		 CA配色师					9
月老 			1044	434 140		 CA月老 					3
比武场传送人 		1060	424 110		 CA比武场传送人 	1
圣山传送人		1034	349 73		 CA圣山传送人				1
老矿工 			1046	290  30   	 CA老矿工					1
袁天罡 			1091    357 245		 CA袁天罡 				3
珍品商人		1028	175 31		 单 1012 15				1
商会总管		1068	326 18		 CA商会总管 				3
装备收购商		1006	469 203		 装备收购商 			1
装备收购商		1006	459 15		 装备收购商 			9
装备鉴定商		1006	420 247		 装备鉴定商 			1
宝石商人 		1002	499 141		 CA宝石商人 				1
装备鉴定商		1006	438 55		 装备鉴定商 			1
天台黑心商人		2005	361  249	 CA天台黑心商人	 		3    4   24  0
罗道人			1077    257  38		 CA罗道人				3
门派传送人	 	1049	482 31		 CA门派传送人	 			1
驿站老板		1043	280 43		 CA驿站老板				1
帮派竞赛主持人		1069	372 116		 CA帮派竞赛主持人	1
影子			2000	418 106		 单 1010 31			3    0	 28  0
1
1622881096   459   164   1 1
36
537  114 长安民居1  12  11  4
506  108 长安民居3  32  10  4
516  238 平安福寿店 20	12      2
513  3  江南野外    27  102	5
448 247  大雁塔一层 40  20	3
474  248 大雁塔一层 100 20	2
5    4   大唐国境 327  140	6
10  64  长安衙门  39  9	        3
43  64  衙门地牢  20 13	        3
86  80  秦琼府    47  10	4
161 140 丞相府	  54  21 	3
98  234  金銮殿	  95  20	3
202  256  皇宫厢房 16  9	3
279  203  国子监书库 50 17	3
288  61  长乐赌坊 28 10		3
245  47  清音坊  27  7		3
217  36  留香阁  48  9		3
342  30  福隆当铺  35  7	3
367  41  张记布庄  25  12	4
439  63  云来酒店  11   14	4
478  43  万胜武器店 17   9		5
411  21  锦绣饰品   35   9		3
369  6   长安民居2   26  8		4
522  76  书香斋   19   12		4
486  100  冯记铁铺  23  14		3
384  124 镇远武馆  12  9		2
536  134   南北杂货店 15  10	3
523  155  长风镖局  18  14		4
486  159  回春堂药店  11  11	2
463   168  长安酒店1楼  16  9	3
468  183  长安酒店2楼  13  16	3
475  180  长安酒店2楼  23  12	3
514  197  广源钱庄  15  11		4
547  192  长安民居4  24  19		4
308  275  大唐官府  154  10		6
510  276  化生寺  11  10		5
0






