无痕 2 0 0 1500 1300 7000 2000 1200 1200 100 4 5 24 7 82
090 004 004 004 004 002 0
0 2205842630 1972067926	3451673424 2368793101 3451673424 1634662202
2029853147 3615876352 1410056737 2505308507 3548995318 0770364930
2 0 1
2 0 2
2 0 3
2 0 4
5
8192 3074477781 3074477781 0991657694 2583942498 1228435406 1121741199 0701848281 0782345549 0621175708 2285822938 1425276052
0000 1050757801 1050757801 2523626742 0332965488 3658011245  0797204911 1739503652 3314888900 3541810222 1219913712 1819231609
0000 0190424072 0190424072 1961249071 3838801989 3331020365  2829649300 3543370033 0845582290 1454309726 1450613061 2452525210
0000 3366877163 3366877163 2527757700 0423606103 0251279858 2965089172 3694647351 0189150770 0223797192  0902186530 0385776373
0000 0210215203 0210215203 0742329354 4144128188 4059506148  3922982597 3358965260 2786514483 2322529890 2370381803 1966900337
备注:
名字 种族 性别  携带等级 攻 防 体 法 速 躲 成长 技能数 技能ID
攻击偏移 攻1 攻1 攻2 攻2 法 是否进阶
是否两套声音 受 法 攻 防 攻2 死
32*32头像 44*44头像 对话头像 进阶头像
进阶列表
染色ID  攻 攻2 死 防 站 战 法 转 跑 受 走