剑灵 2 0 0 1500 1300 7000 2000 1200 1200 100 4 5 24 7 82
090 006 006 006 006 002 0
0 1315738080 3045913148 2547905352 2880121122 2547905352 3263486412	
4050677707 55973808 0 4050677707 55973808 0
2 0 1
2 2 3
2 4 5
2 6 7
8
0000 3922251448 3922251448 2729643500 3737672137 4239696014  0525352739 0948395215 0129137335 0563220674 2110815041 1495300408
0000 0111752242 0111752242 2779964916 3099677412 0968550928 1315883113 4096670906 1289879372 3380575361 3347297766 3923133674
0000 0174574078 0174574078 2462930631 0623897396 1840181339 0357132169 1091639193 3786834132 0132771616 1502161679 0603337468
0000 2954647770 2954647770 1287899115 3269954632 0627223076 2567725998 2862658372 1012378467 4023660358 1267402087 0738300124
0000 1664613177 1664613177 0739286596 3081380929 0822300006 2240524266 2235430645 1732345528 2276071821 0083886513 3754306163
0000 3016226515 3016226515 0052451636 1691019474 0878696108 2058662475 1670645347 0989273743 0372928672 3475794618 1466164142
0000 3750052903 3750052903 3978185529 1126547325 0007350584 3133397477 1400612648 0986009790 1048600867 0587348277 2444149863
0000 2313480743 2313480743 1394178168 3931344485 1376642035 4049254285 1046891202 0616078545 2147278343 4088283715 1247967770




备注:
名字 种族 性别  携带等级 攻 防 体 法 速 躲 成长 技能数 技能ID
攻击偏移 攻1 攻1 攻2 攻2 法 是否进阶
是否两套声音 受 法 攻 防 攻2 死
32*32头像 44*44头像 对话头像 进阶头像
进阶列表
染色ID  攻 攻2 死 防 站 战 法 转 跑 受 走