135
00 11 100
01 11 100
02 11 100
03 11 100
04 11 100
05 11 100
06 11 100
07 11 100
08 11 100
09 11 100
10 11 100
11 11 100
12 11 100
13 11 100
14 11 100
00 18 100
01 18 100
02 18 100
03 18 100
04 18 100
05 18 100
06 18 100
07 18 100
08 18 100
09 18 100
10 18 100
11 18 100
12 18 100
13 18 100
14 18 100
00 19 100
01 19 100
02 19 100
03 19 100
04 19 100
05 19 100
06 19 100
07 19 100
08 19 100
09 19 100
10 19 100
11 19 100
12 19 100
13 19 100
14 19 100
00 14 100
01 14 100
02 14 100
03 14 100
04 14 100
05 14 100
06 14 100
07 14 100
08 14 100
09 14 100
10 14 100
11 14 100
12 14 100
13 14 100
14 14 100
00 21 100
01 21 100
02 21 100
03 21 100
04 21 100
05 21 100
06 21 100
07 21 100
08 21 100
09 21 100
10 21 100
11 21 100
12 21 100
13 21 100
14 21 100
00 22 100
01 22 100
02 22 100
03 22 100
04 22 100
05 22 100
06 22 100
07 22 100
08 22 100
09 22 100
10 22 100
11 22 100
12 22 100
13 22 100
14 22 100
00 17 100
01 17 100
02 17 100
03 17 100
04 17 100
05 17 100
06 17 100
07 17 100
08 17 100
09 17 100
10 17 100
11 17 100
12 17 100
13 17 100
14 17 100
00 24 100
01 24 100
02 24 100
03 24 100
04 24 100
05 24 100
06 24 100
07 24 100
08 24 100
09 24 100
10 24 100
11 24 100
12 24 100
13 24 100
14 24 100
00 25 100
01 25 100
02 25 100
03 25 100
04 25 100
05 25 100
06 25 100
07 25 100
08 25 100
09 25 100
10 25 100
11 25 100
12 25 100
13 25 100
14 25 100