75
00 20 100
01 20 100
02 20 100
03 20 100
04 20 100
05 20 100
06 20 100
07 20 100
08 20 100
09 20 100
10 20 100
11 20 100
12 20 100
13 20 100
14 20 100
00 23 100
01 23 100
02 23 100
03 23 100
04 23 100
05 23 100
06 23 100
07 23 100
08 23 100
09 23 100
10 23 100
11 23 100
12 23 100
13 23 100
14 23 100
00 26 100
01 26 100
02 26 100
03 26 100
04 26 100
05 26 100
06 26 100
07 26 100
08 26 100
09 26 100
10 26 100
11 26 100
12 26 100
13 26 100
14 26 100
00 27 100
01 27 100
02 27 100
03 27 100
04 27 100
05 27 100
06 27 100
07 27 100
08 27 100
09 27 100
10 27 100
11 27 100
12 27 100
13 27 100
14 27 100
00 28 100
01 28 100
02 28 100
03 28 100
04 28 100
05 28 100
06 28 100
07 28 100
08 28 100
09 28 100
10 28 100
11 28 100
12 28 100
13 28 100
14 28 100