43
40 0     100
40 10    100
40 20    100
40 31    100
40 41    100
40 51    100
40 61    100
40 66    100
40 86    100
40 43    100
40 2     100
40 12    100
40 23    100
40 33    100
40 43    100
40 53    100
40 62    100
40 68    100
40 88    100
40 4     100
40 14    100
40 25    100
40 35    100
40 45    100
40 55    100
40 63    100
40 70    100
40 90    100
40 6     100
40 16    100
40 27    100
40 37    100
40 47    100
40 57    100
40 64    100
40 72    100
40 8     100
40 18    100
40 29    100
40 39    100
40 49    100
40 59    100
40 65    100
40 84    100