162
26 0  100
26 1    100   
26 2    100
26 3    100
26 4    100
26 5    100
26 6    100
26 7    100
26 8    100
26 9    100
26 10   100
26 11   100
26 12   100
26 13   100
26 14   100
26 15   100
26 16   100
26 17   100
26 18   100
26 19   100
26 20   100
26 21   100
26 22   100
26 23   100
26 24   100
26 25   100
26 26   100
26 27   100
26 28   100
26 29   100
26 30   100
26 31   100
26 32   100
26 33   100
26 34   100
26 35   100
26 36   100
26 37   100
26 38   100
26 39   100
26 40   100
26 41   100
26 42   100
26 43   100              
26 44   100
26 45   100
26 46   100
26 47   100
26 48   100
26 49   100
26 50   100
26 51   100
26 52   100
26 53   100
26 54   100
26 55   100
26 56   100
26 57   100
26 58   100
26 59   100
26 60   100
26 61   100
26 62   100
26 63   100
26 64   100
26 65   100
26 66   100
26 67   100
26 68   100
26 69   100
26 70   100
26 71   100
26 72   100
26 73   100
26 74   100
26 75   100
26 76   100
26 77   100
26 78   100
26 79   100
26 80   100
26 81   100
26 82   100
26 83   100
26 84   100
26 85   100
26 86   100
26 87   100
26 88   100
26 89   100
26 90   100
26 91   100
26 92   100
26 93   100
26 94   100
26 95   100
26 96   100
26 97   100
26 98   100
26 99   100
26 100   100
26 101   100
26 102   100
26 103   100
26 104   100
26 105   100
26 106   100
26 107   100
26 108   100
26 109   100
26 110   100
26 111   100
26 112   100
26 113   100
26 114   100
26 115   100
26 116   100
26 117   100
26 118   100
26 119   100
26 120   100
26 121   100
26 122   100
26 123   100
26 124   100
26 125   100
26 126   100
26 127   100
26 128   100
26 129   100
26 130   100
26 131   100
26 132   100
26 133   100
26 134   100
26 135   100
26 136   100
26 137   100
26 138   100
26 139   100
26 140   100
26 141   100
26 142   100
26 143   100
26 144   100
26 145   100
26 146   100
26 147   100
26 148   100
26 149   100
26 150   100
26 151   100
26 152   100
26 153   100
26 154   100
26 155   100
26 156   100
26 157   100
26 158   100
26 159   100
26 160   100
26 161   100
