16
0 2 8192  剑侠客 4  1    
1025398908 4074943484 4080559205 908957307  3397315989 2030455701
3074477781 0991657694 2583942498 1121741199 0701848281 0782345549 0621175708 1228435406 2285822938 1425276052  90  4 4   2 //刀
2840575336 1987177439 3738000150 2626634241 1486978342 2800188657 0512918654 1228435406 0361988011 1425276052  90 6 6  2 //剑
1410056737 2029853147 3615876352 3402595886 0627629500 3092095281 3762401494 1744461528 1062656689 3846650318 
0770364930 2505308507 3548995318 1119415268 4125538678 1152529096 4200282982 3979327489 2858141844 0835968247
1 2 8193  逍遥生 4  1    
2109807105 1083583041 2428516277 2011044070 2165332228 2440056657
2801151609 1782439566 3738039458 1629704855 1539613628 2243033255 1512265752 1492865095 0116130982 0304945535  100   5  5  2 //剑
0776342191 2305122459 4097908221 0947396698 3952279767 2243033255 1198567883 1492865095 1011046408 0304945535 100  4 4 2 //扇
4177070114 2295255222 3988784113 2557559806 2408933931 3220701276 3420418659 0079129129 2652693608 2643412166
0498356912 3617554505 3877195986 1451417227 0632861835 0703959465 3624315403 1196830668 3148878622 2786915689
2 2 8194  飞燕女 4  0    
3783299201 2304509067 359058715  3107480393 1167626099 2480779231
1018070922 2068177574 4111908170 1489146739 0607870271 4206210333 1607593791 2708080383 3911067979 1337608376  100  9  9 2 //环 
2103710679 0322750433 0029450010 3234089534 2076610755 1870951879 2826457680 2708080383 2418368925 1337608376  90  5 7 2 //双剑
1784035300 1797451587 0343987807 2821539099 3220164004 2063032741 2978404113 2487669307 2856971608 3383414558
2551046853 3668290463 3408329056 2769586250 2320560525 2307495294 1428848923 3677344825 2529466009 2960797661

                      
3 2 8195  英女侠 4  0    
1329395265 3830730639 706045671  82107157   2330452900 1992102103 
1131552735 0550776032 1762226248 0283881972 1333230872 0712524573 2022264436 2898894124 1784128647 3708489082   55   4  4 2 //双剑
1083652265 0550776032 1830207536 0487493048 4015503046 3555011522 3420727052 2898894124 2264625814 3708489082  70	8 8 2  //鞭
0112453972 3826123766 4082176052 1714055813 0007040937 0104581558 2972992831 2937397367 4173458876 0039543257
1957958031 2816469774 0877406008 2762868784 2708200779 3704080808 0465973605 1725427130 2628798730 3173591603
4 2 8196  虎头怪 3  1    
787891654  2312996022 4221932252 3024136080 70340715   583637898
3188334211 3845828864 3951179215 1705376638 0659922551 3136315322 3836622392 0571142035 4274012337 0803245291  100     3 8  2 //锤
2471916192 1740983547 1851258377 1927395527 1883982028 0442600109 2089007572 0571142035 0092383142 0803245291  100   6 6  2 //斧
1584078605 3993244587 1845064969 2571786186 0767298759 1429129030 1063804621 1267989066 1405826689 0007029989
0912445356 0682815547 1081625359 4125249707 2764703732 3631516796 0205467124 3047846590 3804452719 2960685189
5 2 8197  巨魔王 3  1    
1036136977 3898736087 3816102483 2437264851 2202660049 3516282017
0508905397 4036925699 1635724392 2639845870 2750701818 2363347018 2273495960 2213567130 4081980249 1051618199  107    7 7  2 //斧
1518169819 2951893280 0533876880 0747524185 0594523269 1559570277 3417945932 2213567130 2896805672 1051618199  70    6 6 2 //刀
3683691832 0868047251 1285321634 2476120802 3823422726 3311156361 3507320201 0550967977 0801271506 1832098578
3407419698 2110396232 1653463474 2369447759 0673377797 0849881945 0020196111 0014563135 1687496514 3812047074
6 2 8198  骨精灵 3  0    
4276853776 1370092539 1180812154 1901634952 1924113641 2657217086
3043670818 3644222844 2656336023 4229617854 3601844930 2125701423 2956176231 0812821174 4259873334 0493656179  90   7 7 8 //爪
2452516043 1899323518 3477875588 1063711236 3657445131 0697491660 2024668974 0812821174 3508788176 0493656179  80    6 6 12 //楱
3992137269 1190297979 1580183394 2126719765 1192892340 0335114484 1944590950 0439568122 1307775145 0922555699
3703208920 2267036023 2475347009 2531295157 0842733468 0881872287 0833385521 2916615936 2045491221 1773548427
7 2 8199  狐美人 3  0    
2252570438 732057636  0493916344 1728939592 2618700744 1021006034
1138804365 247333098  0303785981 1734212905 0003749438 2029255722 4126393258 3753105193 3502426669 3988533543 80   7 7 2 //鞭
0143164260 3180126153 3467601219 1873404188 1585787695 1937451460 0947996020 3753105193 3212527142 3988533543  100  7 7  2 //爪
3274417234 2271060349 0193125810 1337913854 3749759629 2979910110 0653993600 3992094905 0555686601 2982539348
3018660006 3745008152 0925132317 2055353862 0023555445 0468841758 4164639407 3108974172 0023555445 2481214733
8 2 8200  龙太子 2  1     
4235396743 2876732360 3019785091 0638428196 0494287167 4278017547
0241140809 1280216665 3101694266 2034116134 2603954881 2775259001 4232546957 2944637360 3966136859 4098637790  65     2 5 2 //扇
0995698620 2482790664 0708419920 0397538195 1042710685 3032779497 1284179344 2944637360 1173564955 4098637790 80   6 6 2 //枪
0269238848 1501564133 2968964991 3724855951 1047234189 1712651233 1674515613 4033590400 2818314703 0059409010
0495257362 2611840347 0502915558 3233881035 0915280925 3904078092 0660094960 0689723168 2078904824 2532804045
9 2 8201 神天兵 2  1    
3342534528 3776745034 3128282548 3219872759 2765353272 917108097
3139413485 3251213113 1857394109 1539170847 1525915374 4213372262 2489545420 2115558165 2207457325 1433167185  120   10 10  2 //枪
1465303491 1649555822 2910864082 3107944047 2714401860 3293192179 2561294031 2115558165 2796680623 1433167185 100   5 5 2 //锤
0419903813 2521306918 3633356312 2078571550 0084233678 2037152991 2864228439 2628995762 1178542092 1122855668
2135771334 1709491641 1133742142 2858298781 3375191277 1835798266 0445846723 3804584726 2275973333 3730721362
10 2 8208 玄彩蛾 2  0    
1973566776 389709757  1636163905 0150046568 4135716370 980156065
3947923690 1501032219 3870010961 0184048410 2162415082 1238812913 2234123373 1362263605 2657283590 3715462681 103   3 3 2 //棒
4201959108 3290427143 0728904944 2291528828 1617545683 4060401710 0339045070 1362263605 2545689750 3715462681 70  6 6 2 //飘带
2423018618 1897575802 1823274963 1560323955 0642294092 2518163081 3824270772 0266483587 2521669348 3150540725
2006326898 1023014158 2075625430 0227523504 0330837919 4022529927 3112620456 2526319964 2844834117 1328281178
11 2 8209 舞天姬 2  0   
1418652305 3890620348 2024834715 2817502106 3933281088 3757477326
2774401093 0365985475 0086275401 3443216643 1786109105 2968873065 1241775590 0845974548 4118221086 0304923923  100   8 8  2 //飘带
4193428466 3043244041 2814262767 4189229797 3277294463 3355558641 3942685609 1050893021 0610824997 3778545729  80     3 3 2 //环
3547289847 2834343478 4183923439 0837105923 3567004713 3598338373 2357194368 3775844070 3189110420 1539933070
0941495143 0729585859 1025713558 0682180468 1475037760 4096849131 3088671707 2669168925 0497768153 4177484129
12 2 8210 巫蛮儿 4  0    
0385476879 1862946040 1375230802 1584766326 0803847012 4020885215
2404345852 0857427883 3299007490 3847342356 2219256477 3732879774 3377965731 0202554088 1458812347 4185651500 50     6 6 2 //杖
0724036542 1215416058 1487210709 2600092653 4235120544 3631422586 3873070491 1602126433 0170880794 0255156094  70     9 9 2 //珠
1288146214 0350754450 1969001626 4127390861 2885654715 3047434982 2929001541 0757935330 2075140178 4282919958
3459014597 1089421142 1245055130 2812365807 3030093828 3008101212 1911875066 0079662515 3816565996 0722591636
13  3 8211 羽灵神 2  1    
0008280828 0431918835 1770153890 4034430836 0775868075 0080400216   


1894911422 0570130129 1552868103 1384231887 3035774294 1750053013 1198313117 2581796502 1516641634 1858805344  0     6 6 2 //弓 
0529648379 0570130129 1552868103 2280958058 4138194582 1750053013 1198313117 2581796502 1516641634 3940257408  55     5 5 2 //杖
0042392635 0570130129 1552868103 1139367548 4138194582 1750053013 1198313117 0262638661	1516641634 3940257408  0   8 8 2 //弓2


1939929797 2376797415 4194685178 0983360139 1701659742 4147553953 1758351057 3727006285 2661805265 3495510539 
2702633902 0492527331 1859774714 2580863973 2838573533 3115506628 1160903745 0357132509 1943315058 3125977325
14  3 8212 杀破狼 3  1    
0236606151 2857452835 3721325077 4248616803 448666846  3284956789

3067304876 3215162495 1186759867 1266038770 2576943278 4199180905 1721194312 2930414626 3836921096 1032044905  55     7 7 3 //珠
2232599242 3215162495 3629275056 4241012400 3547444917 4199180905 1721194312 0652210495 3836921096 1032044905  0     6 6 5 //弓
3555676410 3215162495 3629275056 0167917977 2697172445 4199180905 1721194312 2930414626 3836921096 4291811931 0     6 6 5  //弓2


3753428933 2493964791 2873683137 2518794069 1046286164 2688045502 2676232025 4079801524 1261918678 0290776501
3098735484 0428531280 0046849448 3881585338 2024169162 3614921837 2566319901 1035639126 0004332843 1270522994

15 2 8213 英女侠 4  0	 
387	388	393	373	406	374
386	392	384	403	390	376	401	404	372	405  70   4  4 2 //双剑
385	391	377	402	389	375	400	404	371	405   70  8 8 2 //鞭
516	3826123766 520   530    518 	528 	517 	521 	519 	529
516	3826123766 520   530    518 	528 	517 	521 	519 	529

ID  造型数 染色ID 名字 种族 性别
表情列表(鞠躬     哭     跳舞     打招呼     坐         怒)
动作列表(攻 死 防 战 法 转 跑 站 受 走 偏移 攻击点1,2 法术点)
头像表(对话头像 队友头像  小 大	喜小	喜大	   哀小		哀大	乐小		乐大)
进阶头像