16
0  ½£ÏÀ¿Í 
1327318008	155161828	320557781	400657779	132279837		
1634662202	2205842630	1972067926	3451673424	2368793101		
1  åÐÒ£Éú 
518982477	2648789847	2013348912	1962554948	4042212276		
1503702312	643740469	3746078298	4026676540	115949648		
2  ·ÉÑàÅ®   
1837222459	1558500900	15065168	2366096944	439725786	
2533490874	2279004937	1311746097	3660542162	3858686865	
3  Ó¢Å®ÏÀ 
2078703053	2976075470	2603956615	2604636862	2584131064		
2078703053	2976075470	2603956615	2604636862	1055654752	 
4  »¢Í·¹Ö   
3781138438	2899330032	4073038797	2215864757	2829961644
2949057425	2087503079	2374553004	1252214659	187085999
5  ¾ÞÄ§Íõ 
2323003374	916433000	1429774061	39832715	3074235483
2645500522	1417045324	4270167266	677653198	3753353241 
6  ¹Ç¾«Áé    
1015578079	2448026491	1045546970	499499799	3681921992
1627051988	3222233317	3205745707	1759225674	3879648456
7  ºüÃÀÈË  
222809359	2410753087	803377543	1598860941	1482085804
562899500	4016093426	1048422254	3129483601	3033114848
8  ÁúÌ«×Ó 
2458706401	3407056961	3004979591	195856226	3702918125
4177802333	3982515815	3744269769	545171		1822384659
9  ÉñÌì±ø 
656344040	779917427	3019919639	 2176360328	  98435676	
3676786037	3042821892	3495325067	 659057244	  4238061573	
10 Ðþ²Ê¶ê 
0		614405189	1792267731	3304945064	4228027665
0		2205761984	2302611380	3859229234	2228674206
11 ÎèÌì¼§  
204903607	1288367693	 3093677842	804680942	 4164331995
3935135284	3991860331	 4108222841	1033777538	 2408815970	
12 Î×Âù¶ù   
 1542568619	2410753087	1792267731	3304945064	4228027665
 1542568619	2410753087	1792267731	3304945064	4228027665
13 ÓðÁéÉñ    
2458706401	3407056961	3004979591	195856226	3702918125
2458706401	3407056961	3004979591	195856226	3702918125
2458706401	3407056961	3004979591	195856226	3702918125
14 É±ÆÆÀÇ   
2458706401	3407056961	3004979591	195856226	3702918125
2458706401	3407056961	3004979591	195856226	3702918125
2458706401	3407056961	3004979591	195856226	3702918125
15  Ó¢Å®ÏÀ 
2078703053	2976075470	2603956615	2604636862	2584131064		
2078703053	2976075470	2603956615	2604636862	1055654752
  