0	60
11	1	5	7	11	15	24	30	34	50	76	80
11	19	48	56	58	60	103	105	15	28	30	50

5	2	#特意留空,方便大家补充
120 泡泡			4   0   6    25  37   30000	0
100 赤炎兽			8	48	56	58	60	85	87	89	91	10000	1


35	17
27 牛头				4	45	23	10	29	40000	0
28 马面				3	45	23	10		80000	0
29 雷鸟人			4	8	84	85	66	100000	0
30 蝴蝶仙子			4	8	47	6	43	100000	0
31 古代瑞兽			3	27	87	43		100000	0
32 白熊				4	0	23	61	35	100000	0
33 黑山老妖			2	4	10			100000	0
34 天兵				3	23	37	43		100000	0
35 天将 			4	35	23	6	43	100000	0
36 地狱战神			3	7	86	2		100000	0
37 风伯				4	89	33	20 	70	100000	0
38 凤凰				4	71	91	50	9	200000	1
39 蛟龙				4	89	73	8	77	 200000	1
40 雨师				3	89	73 	20		 150000	1
69 蚌精				4	89	38	18	73	 200000	1
70 鲛人				3	6	72	74		 200000	0
71 碧水夜叉			2	99	85			 200000	0

75	20
72 锦毛貂精				3	87	34	21		 200000	1
73 千年蛇魅				4	42	39	47	23	 200000	0
41 如意仙子				4	85	6	20	33	 200000	1
42 芙蓉仙子				4	16	6	23	8	 200000	0
43 巡游天神				2	24	29			 200000	0
44 星灵仙子				4	85	19	67	8	 200000	1
57 野猪精				3	16	23	29		 200000	0
58 鼠先锋				2	87	34			 200000	1
59 百足将军				3	7	23	41		 200000	0
74 犀牛将军				3	29	0	23		 200000	0
75 犀牛将军				3	87	57	59		 200000	1
45 幽灵					4	46	65	41	12		250000	2
49 律法女娲				4	6	23	98	0		250000	0
50 灵符女娲				3	91	55	57			250000	1
47 吸血鬼				4	4	11	63	45		250000	0
63 阴阳伞  				6	75	7	54	62	11	52  250000	0
48 净瓶女娲				4	7	21	19	85		500000	0
46 鬼将					3	24	46	92			500000	0
85  画魂				4	46	48	91	31		500000	1
137 幽萤娃娃				3   45  38  33			500000	2


95	17
128 转轮王	1 44	1000000 0
131 东海龙王	1 73	1000000 0
132 孙婆婆	1 42	1000000 0
133 牛魔王	2 71 36	1000000 0
134 镇元大仙	1 25 	1000000 0
135 菩提祖师	1 44	1000000 0
136 白晶晶	2   5  11	1000000 0
138 李靖	0	1000000 0
139 程咬金	2   36 24	1000000 0
140 地藏王	1 44	1000000 0
141 观音姐姐	2 50 17	1000000 0
142 空度禅师	0	1000000 0
143 大大王	2 24 36	1000000 0
144 啸天犬	2 34 4	1000000 0
145 地涌夫人	0	1000000 0
146 二郎神	1 7	1000000 0
148 巫奎虎	2 7 42	1000000 0

105	9
114 孙悟空	2 24 7	1000000 0
115 沙和尚	1 73  1000000 0
117 猪八戒	0	1000000 0
119 知了王	0	1000000 0
121 貔貅	0	1000000 0
122 周杰伦	0	1000000	0
129 九头精怪	1 2	1000000 0
147 烟花占卜师	1 5	1000000	0
116 蚩尤	15 1 3 5 7 9 11 13 15 17 24 28 32 36 44 76	1000000 0

125  17
51 大力金刚				3	95	38	24			1000000	0
52 雾中仙				7	87	91	85	56	57	21	50	1000000	1
53 灵鹤					4	9 	21	19	85		 1000000	0
54 夜罗刹				4	7	23	93	33		 1000000	0
55 炎魔神				3	91	71	24			 1000000	0
56 噬天虎				3	24	7	17			 1000000	0
77  葫芦宝贝				4	67	69	71	73				 1000000	2
60 踏云兽				3	24	17	76			 1000000	0
61 红萼仙子				4	21	7	19	85		 1000000	0
62 龙龟					5	97	38	77	61	73	1000000		2
82  蝎子精				4	42	24	30	12							 1000000	0
64  机关兽				7	76	23	25	54	62	11	52	 1000000	0
65  机关鸟				6	8	54	62	7	11	52		 1000000	0
66  机关人				5	11	54	62	24	52			 1000000	0
67  连弩车				5	11	54	62	7	52	1000000	0
68  巴蛇					7	11	54	62	7	52	42	76	 1000000	0
76  机关人				5	11	54	62	33	52			 1000000	0

155	16
79  猫灵				3	 24   26   11				 1000000	0
80  狂豹			     3     34   40   36				 1000000	0
78  猫灵人			    6    34     7   11    24   26  40			 1000000	0
81  狂豹人				5	24	15	95	40	36						 1000000	0
83  混沌兽				9	17	3	30	32	97	73	71	69	67		 1000000	2
86  长眉灵猴			4	43	57	55	87		250000	1
87  巨力神猿			4	23	36	30	0		250000	0
88  修罗傀儡鬼 	6	1	30	36	40	46	93				  1000000	0
89  藤蔓妖花	6	56	58	60	87	17	79				  1000000	1
90  蜃气妖	5	80	75	74	7	24					  1000000	0
91  修罗傀儡妖	5	30	32	99	40	46					  1000000	0
92  金身罗汉	8	17	38	50	80	67 	69 	71	73 	1000000	  0
93  曼珠沙华	8	3	48	56	58	89	1	42	19		  1000000	1
157 持国巡守	4	5	7	24	50	1000000	0
160 毗舍童子    4	5	7	24	50	1000000	0
161 真陀护法	4	5	7	24	50	1000000	0


模型id 名字    技能  

84  超级人参娃娃	14	1	5	7	11	15	24	104	30	34	50	67	69	71	73	100	0
94  超级泡泡	14	1	5	7	11	15	24	104	30	34	50	67	69	71	73	100	0
95  超级大熊猫	14	1	5	7	11	15	24	104	30	34	50	67	69	71	73	100	0
96  超级金猴	14	1	5	7	11	15	24	104	30	34	50	67	69	71	73	100	0
97  超级大象	14	1	5	7	11	15	24	104	30	34	50	67	69	71	73	100	0
98  超级白泽	14	1	5	7	11	15	24	104	30	34	50	67	69	71	73	100	0
100 超级赤焰兽	14	1	5	7	11	15	24	104	30	34	50	67	69	71	73	100	0
101 超级大鹏	14	1	5	7	11	15	24	104	30	34	50	67	69	71	73	100	0
102 善财童子	14	1	5	7	11	15	24	104	30	34	50	67	69	71	73	100	0
103 超级筋斗云	14	1	5	7	11	15	24	104	30	34	50	67	69	71	73	100	0
104 超级神牛	14	1	5	7	11	15	24	104	30	34	50	67	69	71	73	100	0
105 超级神虎	14	1	5	7	11	15	24	104	30	34	50	67	69	71	73	100	0
106 超级海豚	14	1	5	7	11	15	24	104	30	34	50	67	69	71	73	100	0
107 超级神兔	14	1	5	7	11	15	24	104	30	34	50	67	69	71	73	100	0
123 超级神龙	14	1	5	7	11	15	24	104	30	34	50	67	69	71	73	100	0
130 腾蛇	14	1	5	7	11	15	24	104	30	34	50	67	69	71	73	100	0
150 超级孔雀	14	1	5	7	11	15	24	104	30	34	50	67	69	71	73	100	0
151 超级灵狐	14	1	5	7	11	15	24	104	30	34	50	67	69	71	73	100	0
152 超级神蛇	14	1	5	7	11	15	24	104	30	34	50	67	69	71	73	100	0
153 超级神马	14	1	5	7	11	15	24	104	30	34	50	67	69	71	73	100	0

94  超级泡泡	15	19	48	26	58	38	103	105	15	28	30	50	67	69	71	73	100	1
84  超级人参娃娃	15	19	48	26	58	38	103	105	15	28	30	50	67	69	71	73	100	1
95  超级大熊猫	15	19	48	26	58	38	103	105	15	28	30	50	67	69	71	73	100	1
96  超级金猴	15	19	48	26	58	38	103	105	15	28	30	50	67	69	71	73	100	1
97  超级大象	15	19	48	26	58	38	103	105	15	28	30	50	67	69	71	73	100	1
98  超级白泽	15	19	48	26	58	38	103	105	15	28	30	50	67	69	71	73	100	1
100 超级赤焰兽	15	19	48	26	58	38	103	105	15	28	30	50	67	69	71	73	100	1
101 超级大鹏	15	19	48	26	58	38	103	105	15	28	30	50	67	69	71	73	100	1
102 善财童子	15	19	48	26	58	38	103	105	15	28	30	50	67	69	71	73	100	1
103 超级筋斗云	15	19	48	26	58	38	103	105	15	28	30	50	67	69	71	73	100	1
104 超级神牛	15	19	48	26	58	38	103	105	15	28	30	50	67	69	71	73	100	1
105 超级神虎	15	19	48	26	58	38	103	105	15	28	30	50	67	69	71	73	100	1
106 超级海豚	15	19	48	26	58	38	103	105	15	28	30	50	67	69	71	73	100	1
107 超级神兔	15	19	48	26	58	38	103	105	15	28	30	50	67	69	71	73	100	1
123 超级神龙	15	19	48	26	58	38	103	105	15	28	30	50	67	69	71	73	100	1
130 腾蛇	15	19	48	26	58	38	103	105	15	28	30	50	67	69	71	73	100	1
150 超级孔雀	15	19	48	26	58	38	103	105	15	28	30	50	67	69	71	73	100	1
151 超级灵狐	15	19	48	26	58	38	103	105	15	28	30	50	67	69	71	73	100	1
152 超级神蛇	15	19	48	26	58	38	103	105	15	28	30	50	67	69	71	73	100	1
153 超级神马	15	19	48	26	58	38	103	105	15	28	30	50	67	69	71	73	100	1

154 超级青鸾	14	1	5	7	11	15	24	104	30	34	50	67	69	71	73	100	0
155 超级麒麟	14	1	5	7	11	15	24	104	30	34	50	67	69	71	73	100	0
158 超级神羊	14	1	5	7	11	15	24	104	30	34	50	67	69	71	73	100	0
159 六耳猕猴	14	1	5	7	11	15	24	104	30	34	50	67	69	71	73	100	0
108 小毛头	14	1	5	7	11	15	24	104	30	34	50	67	69	71	73	100	0
109 小丫丫	14	1	5	7	11	15	24	104	30	34	50	67	69	71	73	100	0
110 小仙灵	14	1	5	7	11	15	24	104	30	34	50	67	69	71	73	100	0
111 小仙女	14	1	5	7	11	15	24	104	30	34	50	67	69	71	73	100	0
112 小精灵	14	1	5	7	11	15	24	104	30	34	50	67	69	71	73	100	0
113 小魔头	14	1	5	7	11	15	24	104	30	34	50	67	69	71	73	100	0

154 超级青鸾	15	19	48	26	58	38	103	105	15	28	30	50	67	69	71	73	100	1
155 超级麒麟	15	19	48	26	58	38	103	105	15	28	30	50	67	69	71	73	100	1
158 超级神羊	15	19	48	26	58	38	103	105	15	28	30	50	67	69	71	73	100	1
159 六耳猕猴	15	19	48	26	58	38	103	105	15	28	30	50	67	69	71	73	100	1
108 小毛头	15	19	48	26	58	38	103	105	15	28	30	50	67	69	71	73	100	1
109 小丫丫	15	19	48	26	58	38	103	105	15	28	30	50	67	69	71	73	100	1
110 小仙灵	15	19	48	26	58	38	103	105	15	28	30	50	67	69	71	73	100	1
111 小仙女	15	19	48	26	58	38	103	105	15	28	30	50	67	69	71	73	100	1
112 小精灵	15	19	48	26	58	38	103	105	15	28	30	50	67	69	71	73	100	1
113 小魔头	15	19	48	26	58	38	103	105	15	28	30	50	67	69	71	73	100	1



